   2.4758550e+02   0.0000000e+00
   2.0422890e+02   1.0000000e+00
   1.7059590e+02   2.0000000e+00
   2.0023290e+02   1.0000000e+00
   2.0672640e+02   0.0000000e+00
   6.6233700e+01   0.0000000e+00
   2.1408570e+02   2.0000000e+00
   2.0009970e+02   0.0000000e+00
   2.2284360e+02   1.0000000e+00
   2.6999640e+02   0.0000000e+00
   2.3832810e+02   0.0000000e+00
   2.6173800e+02   0.0000000e+00
   2.5248060e+02   0.0000000e+00
   2.1898080e+02   0.0000000e+00
   2.5457850e+02   0.0000000e+00
   2.3216760e+02   2.0000000e+00
   2.0469520e+02   0.0000000e+00
   2.4801840e+02   1.0000000e+00
   1.9127520e+02   3.0000000e+00
   2.0239740e+02   3.0000000e+00
   2.1295350e+02   1.0000000e+00
   1.8315000e+02   1.0000000e+00
   2.0149830e+02   0.0000000e+00
   3.0872430e+02   0.0000000e+00
   2.2234410e+02   0.0000000e+00
   2.4318990e+02   0.0000000e+00
   2.2127850e+02   0.0000000e+00
   1.8058590e+02   3.0000000e+00
   1.6823160e+02   0.0000000e+00
   2.3266710e+02   0.0000000e+00
   1.9813500e+02   1.0000000e+00
   1.7169480e+02   2.0000000e+00
   2.4698610e+02   0.0000000e+00
   1.8917730e+02   1.0000000e+00
   1.7046270e+02   1.0000000e+00
   1.9810170e+02   0.0000000e+00
   2.1558420e+02   2.0000000e+00
   2.1015640e+02   1.0000000e+00
   1.9906740e+02   1.0000000e+00
   1.9923390e+02   2.0000000e+00
   2.0649330e+02   2.0000000e+00
   2.4225760e+02   3.0000000e+00
   2.1371940e+02   0.0000000e+00
   1.8101880e+02   1.0000000e+00
   2.1398580e+02   0.0000000e+00
   2.6613360e+02   0.0000000e+00
   1.7635680e+02   1.0000000e+00
   1.9500480e+02   1.0000000e+00
   2.9846790e+02   0.0000000e+00
   2.0136520e+02   0.0000000e+00
   2.3929380e+02   1.0000000e+00
   2.7755550e+02   0.0000000e+00
   1.8608040e+02   1.0000000e+00
   2.2367610e+02   0.0000000e+00
   2.3436540e+02   0.0000000e+00
   2.1908070e+02   0.0000000e+00
   2.1538440e+02   3.0000000e+00
   2.1068910e+02   0.0000000e+00
   2.0865780e+02   1.0000000e+00
   2.3086890e+02   0.0000000e+00
   2.0416230e+02   1.0000000e+00
   2.1631680e+02   3.0000000e+00
   2.0206440e+02   2.0000000e+00
   2.1784860e+02   1.0000000e+00
   1.8444870e+02   1.0000000e+00
   1.8051930e+02   6.0000000e+00
   2.0189790e+02   1.0000000e+00
   2.2777200e+02   0.0000000e+00
   1.9686960e+02   1.0000000e+00
   1.8907740e+02   0.0000000e+00
   2.4275700e+02   1.0000000e+00
   1.7465850e+02   1.0000000e+00
   1.9187460e+02   0.0000000e+00
   2.1325320e+02   1.0000000e+00
   2.5827480e+02   0.0000000e+00
   2.1212100e+02   2.0000000e+00
   1.9240740e+02   3.0000000e+00
   2.1158820e+02   0.0000000e+00
   2.3403240e+02   1.0000000e+00
   2.3323320e+02   0.0000000e+00
   1.9304010e+02   1.0000000e+00
   2.3170140e+02   0.0000000e+00
   1.0799190e+02   0.0000000e+00
   2.7968670e+02   0.0000000e+00
   2.3223430e+02   2.0000000e+00
   2.2470840e+02   0.0000000e+00
   2.0066580e+02   0.0000000e+00
   2.1781530e+02   0.0000000e+00
   2.2897080e+02   0.0000000e+00
