   9.7337477e-01  -7.2162868e-01
  -6.4173553e-02  -1.0439635e+00
   8.4055898e-02   9.8538589e-01
   7.8837343e-01  -1.2517736e-01
  -6.0761427e-01  -9.4879185e-01
  -3.9044751e-01   2.7030744e-01
  -2.4167104e-02   1.3611350e-01
   1.6271961e+00  -6.9416492e-01
  -1.1706312e-01   1.4494907e+00
   1.1581547e-01  -8.7825616e-01
  -9.2764420e-02  -1.4905597e+00
  -3.0745497e-01  -1.7185428e-01
   9.4927789e-01  -2.2939254e-01
  -2.9222455e-01  -5.7770163e-01
   3.5062693e-01   2.1256687e-01
   1.5154826e+00   1.2763574e+00
  -1.2819742e+00   2.5139614e-01
   4.5516198e-01  -1.3900827e+00
  -1.7940516e-01  -2.0749945e-01
   1.0396989e+00  -7.7617313e-01
  -8.8878360e-01  -8.1442796e-01
  -2.2176561e-01  -1.0921897e+00
   5.1581739e-01  -1.0375737e+00
  -1.9408184e+00  -2.0835422e+00
  -1.3844063e+00   2.3547319e-02
   9.1342623e-01   8.1572356e-01
   1.4896195e+00   4.9644950e-01
   1.4575091e+00   1.0708688e-01
   1.2763574e+00  -8.0325611e-01
   7.1361292e-01   1.6631630e+00
   3.9111628e-01   1.4406893e+00
   1.3787741e+00   7.9685621e-01
  -8.3972444e-01  -9.8387674e-01
   1.2009735e+00  -4.9679997e-01
   4.1835809e-02  -8.2875578e-01
  -1.1490745e+00   1.0301722e+00
  -1.7783123e-01   5.8724573e-01
  -4.2987766e-01   2.2438444e+00
  -1.0466385e+00   3.6416670e-01
   1.1348032e+00  -6.5718546e-01
  -3.5194502e-01   1.3329491e+00
   2.2843845e-01  -5.3109513e-01
   3.6946854e-01  -7.1681369e-01
   1.6365814e+00   3.0550676e-01
  -5.1758763e-01   1.0021372e+00
   3.2634919e-01   1.4756714e+00
   5.3895962e-01  -1.4896195e+00
  -4.8526648e-01   1.0995316e+00
   8.5704038e-01  -3.7943768e-01
  -1.1587202e+00   7.7217991e-02
  -7.4841748e-01  -1.3041312e+00
  -1.5313002e+00  -1.3884563e+00
   4.3668353e-01  -1.0238726e+00
   2.1290900e+00   1.6808253e-01
   1.1419098e+00  -8.0625401e-01
  -4.0789349e-01  -2.4181503e-01
  -9.6002793e-01  -1.3026824e+00
  -2.4404860e-01  -9.6101071e-01
   2.4149604e-01  -9.9448836e-01
   1.4924442e+00   1.4205701e-01
  -8.6746350e-03   3.7345174e-01
   1.3605696e+00   3.0453309e-01
  -5.3645368e-01  -2.2927542e-02
  -2.3512148e-01   1.1946256e+00
   1.2448148e+00   1.5998675e+00
  -1.4602028e+00   4.6101129e-01
   9.1955573e-01   2.2927542e-02
   6.7380927e-01  -1.3397587e+00
   2.1172861e+00   3.0777978e-01
  -1.2919021e+00  -1.7201590e+00
   2.6388633e-01  -2.3352934e-01
   4.4626657e-02  -9.5122426e-01
   1.5395930e-01  -1.0520111e+00
  -8.4369795e-01  -5.3645368e-01
   4.1531171e-01   7.8752827e-01
   9.5659547e-01   6.5718546e-01
   1.4450760e+00   5.9943705e-01
   3.9714316e-01   4.0419281e-01
  -2.3703283e-01   2.4102031e+00
   1.1401277e+00   9.2429435e-01
   2.4581332e+00   3.7644302e-01
   2.9610659e-01   1.3637032e+00
  -9.2476935e-01   7.1601281e-01
   3.0615603e-01  -2.4518264e+00
   2.4372945e-01  -1.4242675e+00
   4.7275763e-01  -1.3852145e+00
   2.9837317e-01   4.3225744e-01
  -4.1328631e-01  -1.9516961e-01
   1.1581142e+00   6.3126010e-01
  -9.1672245e-01  -1.3795760e+00
  -9.4631425e-02  -3.0940434e-01
  -1.5106166e+00   1.2997928e+00
  -1.0303712e-01   1.2157606e+00
   1.1623652e+00  -1.8162222e+00
   4.6307951e-01  -1.1997001e+00
   3.4404557e-01   3.7245538e-01
  -7.6990779e-01  -7.1121713e-01
   2.5075669e-01   1.8178366e+00
   1.1487985e-01   9.7432552e-02
   7.4841748e-01   8.4060629e-01
  -8.9108522e-01   1.6745414e-01
  -8.8327881e-01  -2.7577415e-01
   2.9348545e+00   9.5122426e-01
   8.5168522e-01  -1.4007451e+00
  -5.9795460e-01  -8.7189556e-01
  -9.3863644e-01   1.9232855e-01
   1.1519172e-01   1.8325843e+00
   1.3204968e-01  -1.9643282e-01
  -3.7777356e-01  -7.0286377e-01
  -6.4760358e-01   1.6242937e-01
  -1.3284435e+00  -1.9111280e+00
  -9.2192245e-01   2.4334697e+00
   2.4532548e-01  -1.6858202e+00
   6.1379812e-02  -6.6644117e-01
  -4.5997792e-01   7.7701081e-01
  -4.6480454e-01   3.4273110e-01
   2.0200179e+00   1.3321963e+00
  -2.0465137e-01   5.4290437e-01
  -5.9980787e-01   1.2067284e+00
   5.6058068e-01   7.4800761e-01
  -3.5095640e-01  -1.0644848e+00
  -1.4638111e+00  -3.0680543e-01
   2.0117263e-01   6.3884048e-01
   4.4556157e-01   9.9448836e-01
  -7.1626038e-02  -9.0592901e-01
  -3.2569576e-01   9.5415060e-01
  -3.1493400e-01  -2.0813258e-01
   4.8317644e-01   6.2559854e-01
  -1.3779731e+00   5.6348317e-01
  -1.2805662e+00  -8.6918036e-01
   1.7654182e+00  -4.9278854e-02
   5.3860142e-01  -4.1429880e-01
  -1.2847978e+00   1.3566713e+00
  -2.8447360e-01  -1.9264414e-01
  -2.0152743e+00   6.2000601e-02
   1.2421300e+00  -1.7405559e-01
   9.2714750e-01  -5.0769496e-01
  -2.5907765e-01  -1.4111823e-01
  -7.1801588e-01   1.1324470e+00
   3.2145184e-01  -1.0530893e+00
  -2.5096799e-02  -4.0688366e-01
   1.3795760e+00   9.0173412e-01
   1.5495655e+00  -4.7414382e-01
  -6.7278298e-02  -7.1841684e-01
  -3.5623304e-01  -7.3576912e-01
   3.3420130e-01  -1.0579562e+00
  -5.6675415e-01  -1.3924105e-01
   4.4967095e-01  -1.8922324e+00
   1.7080437e+00  -5.2504047e-01
  -3.0420859e-01   5.5483461e-02
   2.0876580e-01  -1.6497265e+00
  -7.4514199e-01  -1.5812093e+00
   1.8034740e+00  -8.5921451e-02
  -1.7788228e+00  -9.6040874e-03
   1.0754677e+00  -7.5975132e-02
   4.0654714e-01   1.1502743e+00
  -4.0049765e-01  -3.6913687e-01
  -1.1040792e+00  -1.1371657e+00
   4.1598722e-01   1.2812699e+00
   1.1977935e+00  -6.1958156e-01
   3.6284285e-01  -4.3372767e-03
  -9.3431363e-01   1.9854956e+00
  -1.8082202e+00  -1.1306840e+00
  -6.7031458e-01   2.3011743e+00
  -3.1916906e-01   1.1709310e+00
   4.5207160e-01   1.2798632e+00
   8.4104746e-01  -2.1504897e+00
   4.9539847e-01  -6.3998070e-01
   1.1933618e+00   2.1510263e-01
   3.9479767e-01   1.6643995e+00
  -9.5073733e-01  -7.5622918e-01
  -9.8337419e-01  -1.3202526e+00
  -1.6449135e+00   8.1918520e-01
  -4.9119981e-01  -2.0597074e+00
  -3.8643853e-01   1.5910182e+00
  -1.1242495e+00   4.6514971e-01
   9.0897738e-02   6.8199577e-01
  -1.5125587e+00  -1.5233438e+00
  -1.7941017e+00  -1.5203848e+00
   4.4487740e-01   6.9771716e-01
   1.3099542e+00  -6.7536511e-01
   6.7887174e-01  -3.9814903e-01
  -3.0291094e-01  -1.7683696e+00
   2.1114931e+00   7.3179126e-02
   1.6845386e+00   1.3412804e+00
  -4.7587784e-01  -1.6643995e+00
  -1.6681243e+00  -1.0568725e+00
   2.5619532e-01  -4.7969773e-01
  -1.1569034e+00  -2.0520162e+00
   3.6847366e-01  -1.5181004e-02
  -7.4732391e-02   2.0844918e-01
  -1.1697021e+00  -4.1525735e-02
  -8.0368394e-01  -9.9856046e-01
  -1.7160926e+00  -1.0082987e+00
  -1.2151121e+00  -3.4634734e-01
   1.1052197e+00   2.0433502e-01
   4.3532075e-01  -2.0528413e-01
   3.8243575e-01  -1.2693926e+00
   5.5732101e-01  -1.0989647e+00
   3.1546834e+00   1.0147998e-01
   8.2613812e-01   7.9473016e-01
   3.8115181e-02  -1.5715503e+00
   7.4800761e-01  -4.9259840e-01
   3.9011319e-01   2.1066596e-01
   7.8752827e-01  -5.4613818e-01
  -4.2766055e-02   2.4883896e-01
  -1.5888252e+00  -7.2969107e-01
  -1.3173716e-01  -9.9754088e-01
   1.3077653e+00  -1.0179139e-01
  -4.5481839e-01   1.2112321e+00
  -7.1721431e-01  -1.4665298e+00
  -1.6996810e-01   3.4338826e-01
   3.1126891e+00   1.1425617e-01
   1.4886806e+00  -1.4863200e-01
   6.7342057e-01  -2.8834691e-01
   1.0568725e+00   1.8097954e-01
   4.3429919e-01   3.0355971e-01
   7.7074142e-01   1.1958913e+00
  -2.3098315e-01   1.6756441e+00
   5.3788523e-01   1.4905597e+00
  -1.7339235e+00  -1.2394542e+00
  -1.1581547e-01  -1.1908398e+00
   1.1092228e+00   5.2539609e-01
  -1.4441965e+00  -4.5860085e-01
   1.1407213e+00   4.9119981e-01
  -5.2290812e-01   6.9140811e-01
   5.5515119e-01   2.2780251e-01
  -1.4871164e-02  -5.5190135e-01
   1.3048567e+00   7.2162868e-01
  -1.1149725e+00   8.1399640e-01
   1.6425213e+00   1.0116858e-01
   1.4191607e+00  -6.3618319e-01
   6.5181223e-01   6.6876401e-01
   1.9658663e+00  -3.6615368e-01
   4.1666292e-01   1.5364581e-01
   1.1463018e-02   3.5260429e-01
   7.2605716e-01   5.3001375e-02
  -9.2453284e-02  -9.9093876e-01
   5.1263502e-01   2.8124911e-01
   7.7617313e-01   5.3788523e-01
  -1.1082666e-01  -9.1861049e-01
  -9.6297907e-01  -3.5062693e-01
  -2.0654990e-01   2.1536286e+00
  -9.6890665e-01   6.6657298e-02
  -1.0771007e-01   9.0967123e-01
  -4.2546452e-01  -9.3144144e-01
   1.0793425e+00   6.0240592e-01
  -6.2937067e-01   7.0694268e-02
  -1.9616055e+00   1.1990641e+00
  -6.8043292e-01  -1.1046493e+00
   2.6646341e-02  -1.1138196e+00
  -2.0808349e+00  -2.0200179e+00
  -1.1883254e+00   1.6283614e+00
  -3.2308343e-01   8.0925917e-01
  -1.1155495e+00   2.6164153e-01
   3.1070458e-01   3.9078188e-01
  -4.9715049e-01   6.2484518e-01
  -8.2812359e-02  -1.0249197e+00
   1.8426421e+00   2.1997894e-02
  -7.0604019e-01  -6.7031458e-01
  -2.8996206e-01   1.3306929e+00
  -2.6934357e-01  -1.1389417e+00
  -1.3631821e-02   1.0207380e+00
   6.4036096e-01  -1.1167047e+00
  -2.2798308e+00   1.0155359e+00
   1.0085719e-01  -1.4415644e+00
   1.3224777e+00   5.7185444e-01
  -3.4667631e-01  -6.0649681e-01
  -1.7846075e-01   8.4677716e-02
   5.4111025e-01   1.2897640e+00
  -1.5834977e-01   1.4371998e+00
   4.2478631e-01   3.4865094e-01
   3.4043219e-01  -3.0388413e-01
   1.9092075e+00   8.8556921e-01
  -2.3193779e-01  -7.7826836e-01
   7.0723318e-01  -1.1023712e+00
   7.9983875e-01   1.0815640e+00
  -1.4477214e+00  -5.5081936e-01
  -1.2028874e+00   8.8098307e-02
  -8.5921451e-02   1.7668920e+00
   1.3136162e+00   2.9966904e-01
  -1.6295290e+00  -6.6798933e-01
  -6.3012617e-01   1.8978302e+00
  -2.2398878e-01   1.3548815e-01
   1.4124086e+00   9.8841095e-01
  -2.8673251e-01   1.2361218e+00
   1.0487839e+00   9.3479308e-01
   3.1688794e-01   1.7610197e+00
   5.7034937e-02   5.7514107e-01
   2.2653090e-01  -2.1290900e+00
  -7.0882541e-01  -4.7379718e-01
   1.0595841e+00  -3.8076973e-01
  -1.8412964e-01   8.6152186e-01
   5.5587418e-01  -1.4363302e+00
   1.0072691e+00  -1.2035263e+00
  -2.1536286e+00   1.3299424e+00
  -1.0254437e+00  -1.3982704e+00
  -9.3671303e-01   4.8596363e-01
   5.8540619e-01   6.0798693e-01
   1.6556936e-01   2.1288377e-01
   1.5790501e+00   9.0266495e-01
  -9.6989789e-01  -6.5411273e-01
   8.8099303e-01   1.4830745e+00
  -4.1531171e-01  -8.8832384e-01
   9.0173412e-01   8.3752265e-01
   1.9877245e+00   6.7731221e-01
   1.5662469e+00  -2.3130134e-01
   1.6525529e-01   2.9586545e+00
   3.5524292e-01   6.2974838e-01
  -3.4898018e-01   2.2400203e+00
   1.8279484e-02   2.5683565e-01
   5.0910514e-01   7.6741011e-01
  -1.1195990e+00  -2.5299522e-01
  -1.6462720e-01  -1.4802888e+00
  -2.2557743e-01   2.7513058e-01
  -2.1605389e-01  -1.3217352e+00
   1.7437578e+00   4.7068004e-01
   6.4150229e-01   1.1629743e+00
  -1.5954272e+00  -1.2714756e+00
   2.8505875e-02   8.2265669e-01
  -2.1378139e-02   9.9347291e-01
   9.5610604e-01  -2.1129951e-01
   7.2928683e-01   1.4115691e+00
   3.6549120e-01  -9.9601346e-01
  -5.4685758e-01   1.3359679e+00
  -1.2570088e+00   4.6032232e-01
  -8.3532492e-01  -2.5619532e-01
   3.7777356e-01   1.0428956e+00
   7.9643071e-01  -6.1620686e-01
  -1.2281796e+00  -1.2138168e+00
  -1.2099428e+00   1.8194558e+00
  -5.9536346e-01   9.6040874e-03
   4.1126260e-01   7.9133592e-01
  -1.6769066e+00   5.2070678e-02
  -8.4016528e-01   6.7588808e-02
  -1.8528898e+00  -1.5106166e+00
   2.8479622e-01   3.5425315e-01
  -4.3804713e-01  -1.2468342e+00
   1.2236768e-01   6.5142915e-01
  -1.2060870e+00   1.9990824e-01
  -3.4174563e-01   3.6383568e-01
  -6.7809177e-01   1.0552907e-01
  -3.4963877e-01  -6.7848170e-01
   7.3902188e-01  -8.8694568e-01
  -1.5207859e-01  -8.9385342e-01
   1.8791218e-01  -1.4933884e+00
  -8.0754104e-01   1.6065877e+00
   9.0313065e-01  -4.3076145e-02
   8.1615573e-01   1.2216198e+00
  -5.2610753e-01  -1.6399917e-01
  -7.6865835e-01  -1.5113843e-01
  -5.4254540e-01   3.7311958e-01
   5.2895597e-01  -1.2923754e-01
   6.5795461e-01   8.9662849e-01
  -2.4756098e-01  -1.7531386e-01
  -2.1890886e-01   1.4952808e+00
  -3.0985408e-02  -8.3648193e-03
   1.1425617e-01  -8.9964516e-02
   4.0595538e-02  -1.8426421e+00
  -2.9093152e-01  -1.3512480e+00
   4.4316790e-01   1.0082987e+00
   3.3977568e-01  -2.3571557e+00
   2.8447360e-01   1.5096476e+00
  -1.2770573e+00   2.6506537e+00
   3.3780706e-01   6.9969443e-01
   1.6242937e-01  -2.3424600e+00
  -8.6242023e-01  -8.3434113e-02
   3.7644302e-01  -4.6470843e-03
   5.0136158e-01   6.4416866e-01
   1.2954995e-01  -1.3204968e-01
   3.1721371e-01   1.5651915e+00
  -1.9149902e+00   5.2753122e-01
  -5.7806773e-01  -6.5987920e-01
  -1.9267513e+00   2.3321098e-01
  -8.2352611e-01  -1.5747537e+00
   8.8190679e-01   8.0454004e-01
   1.1184401e+00   5.0452574e-01
  -4.9278854e-02   2.1862485e+00
   1.4643963e-01  -4.5310125e-01
  -5.1440236e-01   6.9141455e-02
  -7.0484820e-01   1.9832821e-01
  -8.2613812e-01  -1.2092989e+00
  -2.0781600e-01  -1.8650968e+00
  -5.8099936e-01   9.0546213e-01
  -3.1884308e-01   3.2602245e-01
  -8.2178789e-01   1.2515662e+00
  -1.6756441e+00   1.3512480e+00
  -2.5587310e+00  -3.1363204e-01
   8.7598045e-01   9.4009053e-02
  -1.2892514e-01  -1.3128824e+00
   1.0760203e+00   2.0243734e-01
  -7.1936642e-02   2.6720367e+00
   4.2139819e-01   9.7936267e-01
  -5.8724573e-01  -9.0873448e-01
  -3.5227464e-01   5.6275710e-01
  -2.6902233e-01   1.8848598e+00
   1.9832766e+00   3.8476996e-01
   1.3566713e+00  -1.7091111e-01
  -2.0876580e-01   7.5705414e-01
  -3.5325059e-02   2.8834691e-01
  -1.4486055e+00   1.2174344e-01
   3.1525957e-01  -1.6871046e+00
  -8.3620353e-01   4.5069948e-01
  -5.0382216e-01  -1.0552907e-01
  -2.1664010e+00   1.1238536e-01
   8.1572356e-01  -3.7805153e-02
  -5.2006870e-01  -2.1795700e-01
  -5.8540619e-01   3.6052763e-01
  -1.3121493e+00  -9.4249370e-01
  -6.0426417e-01   9.7121279e-02
  -7.2888271e-01   2.2324690e+00
   8.0454004e-01  -4.8456956e-01
   1.9637315e+00  -7.2122679e-01
  -4.3123723e-01  -9.5025062e-01
  -4.6032232e-01   9.7039387e-01
   5.5334500e-01  -2.7576096e-02
  -2.8027203e+00   2.2477015e+00
   3.9982639e-01  -1.7256256e+00
   1.4459567e+00   1.0584061e-01
  -1.5444400e+00   7.1962041e-01
  -8.0839981e-01   1.1132438e+00
   9.2476935e-01   1.6839675e-01
   5.6239418e-01  -4.1531171e-01
   4.2817931e-01  -6.5142915e-01
  -1.6794398e+00   1.7925549e+00
  -9.8790614e-01   4.4936773e-02
  -1.0738120e+00   8.0325664e-02
  -7.0962220e-01   8.7053716e-01
   6.6103512e-01  -5.9536346e-01
  -1.1783421e+00  -8.4060629e-01
  -4.2145887e-02  -1.5427281e-01
   3.9379313e-01  -5.1051633e-01
  -1.3535674e+00  -8.8648667e-01
   1.1248326e+00  -4.6895028e-01
   8.3444695e-01   1.7174449e+00
  -1.9106635e-01  -7.6865835e-01
  -4.2410829e-01  -1.5568104e+00
  -1.4886806e+00   1.3861543e-01
   1.5899207e+00   6.7458699e-01
   4.8840551e-01  -4.0789349e-01
   7.7241029e-01   5.5840691e-01
  -7.0286377e-01   4.3259760e-01
   3.7311958e-01  -8.4901678e-01
   4.4385154e-01  -1.2961961e+00
  -7.6491720e-01  -7.5416901e-01
  -5.4649785e-01   3.8877634e-01
  -9.2762376e-01   1.0677529e-01
   1.6248720e+00  -5.3967622e-01
   1.3473985e+00  -1.2424069e-01
  -1.7972000e-01   1.1690883e+00
   8.2657400e-01   2.9319464e-01
  -5.0628579e-01  -1.2392498e-02
   2.8221615e-01  -1.3239647e+00
  -2.1827427e-01   1.3708033e+00
  -2.8720173e+00   1.0334858e-01
   3.8844224e-01  -3.2438932e-01
   6.0166321e-01  -2.6100040e-01
  -1.7969629e-02   7.4514199e-01
   5.2931233e-01  -3.4108883e-01
  -9.0033935e-01   7.0048611e-01
   8.5921451e-02  -1.0455676e+00
  -9.0592901e-01   6.7342057e-01
   5.3395112e-01   2.5011735e-01
  -4.9750108e-01   1.6902524e-01
   3.2929135e-01   2.0718291e-01
  -7.9855965e-01  -3.0161380e-01
   1.8775882e+00   1.6054626e+00
   8.3488585e-01   1.2321410e+00
   2.8415102e-01   1.7325322e+00
   2.2840169e+00   3.6980025e-01
  -8.6286968e-01  -5.7258427e-01
  -1.8903796e+00   5.7345248e-02
  -1.4191607e+00  -6.4569435e-01
   1.3239647e+00   7.3942903e-01
   3.8677237e-01  -1.4868067e+00
  -2.0591697e-01  -3.4733437e-01
  -1.3955388e-01   4.5447486e-01
   6.3315178e-01  -1.7833629e+00
   1.1593266e+00   2.4851943e-01
   1.1283388e+00  -9.3048575e-01
   5.4182769e-01   1.7910124e+00
  -3.1623649e-01  -7.7659190e-01
  -3.4996812e-01   4.9504825e-01
   1.6461132e+00  -7.6118673e-01
  -1.8223936e-01  -4.4043538e-01
  -1.4952808e+00   1.1808269e+00
  -6.6798933e-01   1.6832598e+00
  -5.6348317e-01   3.2929135e-01
  -1.9922121e+00   8.0550043e-03
  -7.4882749e-01  -1.3070371e+00
  -2.2812047e-01  -7.1601281e-01
   1.3631821e-02  -3.8010362e-01
  -1.3580082e-01  -1.1324470e+00
   1.5615416e-01  -3.3387372e-01
  -1.5145180e-01   1.2529234e+00
   5.2361864e-01  -4.9855320e-01
   1.5855500e+00   9.0779853e-01
   4.7379718e-01   1.3172959e+00
   8.9709167e-01   2.5907765e-01
   8.6286968e-01   1.2060870e+00
   1.7188004e+00   4.7310409e-01
   4.1092548e-01  -9.1766606e-01
  -5.0241574e-01  -9.2810023e-01
   2.5267535e-01  -1.6065877e+00
  -7.2557870e-02  -7.7157559e-01
  -1.5800687e-02  -1.6871099e-01
   2.4181503e-01  -1.3269476e+00
   5.9166875e-01  -1.1575086e+00
   3.0388413e-01   6.0314897e-01
   8.0625401e-01   8.0282843e-01
   8.4768482e-01   1.8602058e-01
   1.5223560e+00   9.6445779e-01
   1.4769233e-01   1.1678620e+00
   6.2296334e-01   5.3252258e-01
  -6.6760214e-01  -9.8086514e-01
   6.2311005e-02   2.8479622e-01
   1.0119107e+00  -2.2271826e-01
   6.5603246e-01  -1.6935685e+00
  -1.5584057e-01  -6.1379812e-02
  -6.6605438e-01  -4.7310409e-01
  -1.4729160e+00  -7.1881791e-01
  -1.0000918e+00   7.3489765e-02
   9.5757502e-01  -9.1813817e-01
  -1.6413287e+00  -2.9028518e-01
   6.2899306e-01   1.4550026e-01
  -4.6584022e-01   7.2646045e-01
   8.4857263e-01   9.1530857e-01
   1.0254437e+00   6.4607601e-01
   4.4864290e-01  -1.0241424e-01
  -4.8352463e-01  -3.2798337e-01
  -9.0826641e-01  -2.8705533e-01
  -9.3815526e-01  -1.1155495e+00
  -2.7191445e-01  -3.5623304e-01
   3.8376933e-01  -4.8387289e-01
  -8.8648667e-01  -5.2326335e-01
  -4.0654714e-01   4.3975277e-01
   1.6706204e+00  -1.8633580e-01
  -2.6260342e-01  -4.6170047e-01
  -1.3077653e+00   9.6791636e-01
   1.7147434e+00  -7.4146659e-01
  -7.2042337e-01   1.5516272e+00
  -5.0347046e-01   1.0655773e+00
  -2.8815807e-02  -4.7483725e-01
   3.3310602e+00   8.5704038e-01
   5.3311618e-02   2.3145017e+00
   7.0246722e-01   2.1954353e-01
  -5.9166875e-01  -1.7657240e-01
   3.8176922e-01   3.9345837e-01
  -8.7416314e-01  -2.2515924e+00
   3.7577800e-01   1.3551177e+00
   2.7352216e-01  -2.3828417e+00
   2.0401869e-01  -1.6570184e+00
  -7.4677874e-01  -7.7032454e-01
  -1.9075085e-01  -5.7733560e-01
   1.1097961e+00   1.3852145e+00
  -1.5578521e+00   9.5806515e-01
   1.2262061e+00   3.4503182e-01
   1.8114071e+00   6.9452004e-02
  -1.4157766e+00  -2.8356689e+00
   7.3698799e-01  -3.7977063e-01
  -3.4568951e-01   8.4946110e-01
   3.5590296e-01  -6.9062142e-01
   2.0224068e+00   1.0423621e+00
  -1.3660623e+00  -6.9022823e-01
   3.6814211e-01  -6.6257773e-01
   1.5057860e+00   2.4500622e-01
   5.1794187e-01   9.8992687e-01
  -3.5689332e-01  -1.7788228e+00
  -3.2602245e-01  -6.4264446e-01
   1.0023445e-01  -1.0006027e+00
  -3.0365508e-02   6.7225506e-01
   4.7969773e-01  -4.6066677e-01
   3.1200535e-01   1.5866398e+00
  -9.3386718e-02   9.7387243e-01
   2.3894505e-01   5.5298398e-01
  -1.1768701e-01  -4.0890374e-01
   9.5415060e-01   7.7952713e-01
  -7.3942903e-01   9.2287059e-01
  -1.1703163e+00  -4.4350970e-01
   5.0804741e-01  -8.6782517e-01
  -9.3144144e-01   8.0240089e-01
   8.9292993e-01   4.0016200e-01
  -7.0802907e-01  -1.5194015e+00
   3.7079562e-01  -1.8098113e+00
  -1.1029402e+00   1.2308184e+00
   4.4693052e-01   2.0890030e+00
  -7.5043065e-02  -3.8343587e-01
  -8.6421907e-01  -2.2907448e-01
   1.8563493e+00   3.6847366e-01
  -4.8143636e-01   2.7725595e+00
  -3.1605321e-02   2.6837995e-01
   2.8963897e-01  -5.4865732e-01
   5.7965888e-02  -4.5791264e-01
  -1.2016110e+00  -6.1695618e-01
   1.6009825e+00   1.3428052e+00
   3.9278898e-01  -1.7027387e+00
  -9.1766606e-01  -5.9240705e-01
  -5.8276216e-02   6.5449648e-01
  -1.9680102e+00   1.6781718e+00
  -1.3747778e+00   9.6593862e-01
  -1.2736335e-01  -2.7159299e-01
   1.7877554e-01  -2.1351762e-01
   2.5427027e+00  -6.5104910e-02
  -5.5226216e-01  -4.3293782e-01
  -3.5326372e-01   1.7480246e+00
   1.9516961e-01   9.2764420e-02
  -1.3435688e+00  -3.0422346e+00
   9.5806515e-01  -1.4048887e+00
   1.4354616e+00   8.9524009e-01
   1.0016254e+00   1.3642620e-01
   1.4032283e+00   1.0732608e+00
   1.7107144e+00   2.9481208e-01
   2.6228277e-01   8.2396106e-01
  -7.5994559e-01  -7.4269061e-01
  -2.8479622e-01  -3.4273110e-01
   5.8393599e-01  -7.8879622e-01
  -1.3298729e-01   3.6814211e-01
   1.7040605e+00   5.1086928e-01
  -5.0171291e-01  -1.9680102e+00
  -6.8199577e-01  -1.2448148e+00
  -2.0939910e-01   1.1777221e+00
  -5.9207235e-02   2.4724154e-01
   1.8286938e-01   4.9609910e-01
   1.6965380e-01  -1.2624888e+00
  -8.5748775e-01  -6.1690204e-02
  -1.4200092e+00   4.2783979e-01
  -6.4989778e-01   7.1936642e-02
   1.0683142e+00  -1.1478763e+00
  -3.2831031e-01  -2.7867161e-01
   4.2716089e-01  -1.4345941e+00
   5.7989942e-01   6.1883102e-01
   1.5960475e-01   8.9987481e-01
  -1.7297597e+00   8.1270262e-01
   6.6760214e-01  -1.3486286e-01
  -2.3723788e+00   2.5716608e-02
  -1.0402310e+00  -1.3861543e-01
  -1.6965380e-01  -6.2311005e-02
  -1.0509341e+00   1.3217352e+00
   1.7713365e+00   6.6064971e-01
  -4.9995690e-01   2.8917179e+00
   7.4309887e-01   6.9455918e-01
   1.6656385e+00   9.9245848e-01
  -1.0833330e-01   5.6058068e-01
  -8.8511076e-01   1.0280678e+00
   1.2267982e-01   5.7655565e-02
  -1.2756582e+00  -1.6306988e+00
  -1.1814493e+00   1.1490745e+00
  -1.2112321e+00  -6.3201650e-01
   7.5293444e-01  -9.5512786e-01
   1.6122437e+00  -1.2392849e-01
  -1.0333374e+00   9.9652234e-01
  -6.3466676e-01  -2.2525966e-01
  -8.9385342e-01   6.6257773e-01
  -6.3732148e-01  -3.1546834e+00
   8.0496831e-01  -2.0890030e+00
  -8.3269295e-01   9.5953689e-01
  -1.9232855e-01   4.6929612e-01
  -4.1700084e-01  -1.1678620e+00
  -1.0776799e+00  -2.3289265e-01
  -8.1399640e-01  -1.4032283e+00
  -4.5963357e-01   4.1261155e-01
   5.6602674e-01  -8.2178789e-01
  -5.9573338e-01  -2.6506537e+00
  -2.8770106e-01  -5.5768291e-01
   2.8815807e-02  -1.0181335e+00
  -3.3775112e-02  -3.7611049e-01
  -1.3232208e+00  -3.4898018e-01
   1.3121493e+00   1.3908973e+00
  -1.1419098e+00  -6.5833933e-01
   3.1851714e-01   2.1446856e-01
   1.8866934e+00   7.2444516e-01
   1.3012157e-02  -5.8283416e-01
  -1.5194015e+00   8.6737379e-01
  -1.0062406e+00   1.0031615e+00
  -3.8110285e-01  -1.0119107e+00
  -8.4055898e-02   2.4843894e+00
  -4.4214282e-01   1.8050515e+00
  -1.8511683e+00  -4.9820243e-01
  -5.9093078e-01  -5.5985580e-01
  -9.9703149e-01  -6.9141455e-02
  -1.0301722e+00  -7.5540472e-01
   1.6462720e-01  -2.4053924e-01
  -9.2905380e-01  -2.4245307e-01
   8.5257605e-01  -9.4631425e-02
   2.7873230e+00  -1.4299591e-01
  -7.4800761e-01   2.0649033e+00
  -7.5953214e-01  -6.6412191e-01
  -1.2118775e+00  -5.7367958e-01
   1.4048887e+00  -1.4424797e-01
   3.3321867e-01  -4.3532075e-01
   5.8577394e-01  -1.2892514e-01
   1.6054626e+00   1.3114168e+00
  -4.4693052e-01   8.3006674e-01
  -1.5048241e+00   2.2494190e-01
  -5.7770163e-01  -6.1433505e-01
  -2.0754657e+00  -1.7688709e-01
   2.4788043e-01   1.2631765e+00
  -4.0890374e-01   2.3522005e+00
   4.6273467e-01   4.2004429e-01
  -1.0116858e-01  -7.0643774e-01
   3.7046379e-01  -7.5911881e-01
   1.1727778e+00   6.3088203e-01
   1.2401223e+00   6.6334962e-01
  -8.7461720e-01   1.4149331e+00
   1.9453813e-01   1.0617591e+00
  -1.6743842e+00   2.5331511e-01
  -1.1984286e+00   3.9881984e-01
  -5.4111025e-01   2.0597074e+00
   2.2307775e-02   5.8835040e-01
  -1.2777579e+00  -1.0655773e+00
   1.2475085e+00  -4.8666101e-01
  -1.2529234e+00   6.9811239e-01
   7.5334584e-01  -1.3291926e+00
  -1.1466797e+00   1.8775882e+00
  -1.6260329e+00   1.5194015e+00
   1.1629743e+00   7.4024369e-01
   2.3926384e-01  -5.9684362e-01
  -1.0334858e-01   1.4328624e+00
  -7.9303190e-01   7.6782606e-01
  -1.5395930e-01  -7.3374010e-01
  -3.6980025e-01   3.9982639e-01
  -1.5393548e+00   7.9260769e-01
  -3.4371690e-01  -8.3181691e-01
  -1.1238536e-01   5.9240705e-01
  -2.3571557e+00   1.6133812e+00
   1.8146125e+00  -7.1626038e-02
   5.8908725e-01   1.9658663e+00
  -6.4607601e-01  -1.3329491e+00
   4.0520153e-01  -1.0628484e+00
   9.4631425e-02   1.2262061e+00
  -6.0947839e-01  -7.8752827e-01
   1.8812116e+00   2.7095016e-01
   1.2897640e+00  -3.9580261e-01
   1.1605408e+00  -1.7374106e-01
  -1.3321963e+00   1.6111084e+00
   6.1961298e-03   1.4140906e+00
   2.0394611e+00  -6.5059406e-03
   9.8086514e-01   3.7179135e-01
   1.0000918e+00   1.1746285e+00
  -1.1138196e+00   1.1703163e+00
  -2.5491496e-01   4.5619308e-01
   1.2441427e+00   1.7185428e-01
   4.2682152e-01  -9.4009053e-02
   1.5184196e+00  -4.8143636e-01
   7.5664159e-01   3.4634734e-01
  -1.5270543e-01   7.9770764e-01
   3.1168011e-01   8.5124006e-01
  -5.3001375e-02  -1.5019841e-01
  -4.2139819e-01  -5.7477558e-01
  -7.1641319e-01   5.2859969e-01
   2.0749945e-01   1.2392183e-03
  -1.8194558e+00  -1.1520772e+00
   1.4225611e+00  -3.4930945e-01
  -3.3465132e-02  -9.7536685e-01
   4.4795779e-01   1.5434198e+00
   1.0716090e+00   1.8822751e-01
   1.5646777e-01   7.4841748e-01
  -1.8259807e+00   3.1126891e+00
   1.1265840e+00  -4.3668353e-01
  -1.2414602e+00  -5.9351509e-01
  -1.6494123e-01   2.5273023e+00
   8.8327881e-01   1.0455676e+00
  -1.1012343e+00   2.1381416e+00
   4.9925493e-01  -1.6745414e-01
   4.0049765e-01   8.3840288e-01
   7.1681369e-01   9.8136645e-01
   2.7963796e-01   5.0487762e-01
   7.2002183e-01  -1.9138187e-01
  -7.7491763e-01   1.6965380e-01
  -4.5825672e-01  -1.9594884e+00
   3.5326372e-01  -8.6376910e-01
   1.5303003e+00   2.6902233e-01
  -7.5416901e-01   7.7839465e-02
   1.4518717e-01   1.1289245e+00
   2.0296436e+00   1.1035095e+00
  -1.4424407e+00  -2.0180495e-01
  -4.7345061e-01   1.5135319e+00
  -3.5029751e-01   1.1971590e+00
   5.4937772e-01   2.0419465e+00
   1.7040073e-02  -1.1920998e+00
   1.0186539e+00  -9.8437954e-01
   8.9848237e-01  -9.8055128e-02
   1.4647161e+00  -1.3642620e-01
   4.5619308e-01   1.2048057e+00
   6.0649681e-01  -8.8878360e-01
   2.1129951e-01  -2.8963897e-01
  -1.1612737e-01  -1.6619756e-01
   2.0528413e-01   2.0200179e+00
   1.0721593e+00  -8.1399640e-01
   7.2203068e-01  -5.0311883e-01
   9.4320234e-02   2.6026517e-02
  -1.5965343e+00   4.1902938e-01
   6.3390909e-01   7.6907470e-01
  -1.0694112e+00   8.4325579e-01
   9.1154712e-01   3.3616754e-01
   2.6452795e-01   4.1598722e-01
   1.0077838e+00   8.9154612e-01
  -2.5052693e+00   3.1688794e-01
  -9.7736281e-01  -1.4611031e+00
   3.6317375e-01  -7.2646045e-01
   2.5907765e-01  -9.2287059e-01
  -1.4512645e+00  -8.7053716e-01
   5.1369523e-01  -3.7378394e-01
  -8.6197096e-01  -8.2190638e-02
  -7.8583964e-01  -1.0650309e+00
   4.2987766e-01  -7.8331089e-01
   1.1924694e-01  -1.7803321e+00
  -7.7659190e-01   3.0064128e-01
   2.3798883e-01   1.7972000e-01
  -1.3299424e+00  -1.0787880e+00
  -1.0023445e-01  -3.3420130e-01
  -6.0612450e-01   1.6168060e+00
   1.5263161e+00   4.3600204e-01
  -2.1541969e-01  -6.0277741e-01
   8.4414027e-01   1.9788675e+00
  -1.4793628e+00   6.4875026e-01
   1.1496742e+00   1.0370432e+00
   6.3242251e-02  -4.3327809e-01
  -6.7614364e-01  -6.1883102e-01
  -1.3423761e-01   1.5051173e-01
  -7.5375736e-01  -1.1075050e+00
   8.2701004e-01   4.2145887e-02
  -1.3852145e+00   1.1484752e+00
   1.0031615e+00   4.8422120e-01
   2.4851943e-01  -2.6611931e+00
  -5.1404877e-01  -2.7266175e-02
  -2.4581332e+00  -2.1862485e+00
  -5.0417392e-01  -1.1508749e+00
  -1.4090566e+00   1.5646777e-01
   9.1530857e-01   2.3225605e-01
  -6.2974838e-01  -6.9929876e-01
   4.7728008e-02  -4.9589038e-02
  -1.0375737e+00   4.7483725e-01
   4.6342440e-01  -1.6088439e+00
   1.0765732e+00   5.8356864e-01
  -6.7070248e-01  -1.0471744e+00
  -5.5262303e-01  -2.1599707e+00
   1.1456800e-01  -1.3012157e-02
  -7.3800411e-02   6.9495355e-01
  -7.2162868e-01  -9.3335538e-01
  -2.8511886e-01  -1.4017958e-01
  -2.2105486e+00   4.9364797e-01
  -1.5475105e+00  -1.0574142e+00
  -1.1623652e+00  -1.2461605e+00
  -3.1982111e-01  -8.9616550e-01
  -9.1248627e-01  -1.3860236e+00
   2.3828417e+00   5.6966679e-01
   1.1395345e+00   2.9190125e-01
   5.6748186e-01   1.4737913e-01
   7.6284341e-01  -5.0519616e-02
   1.1460820e+00   2.1637102e-01
  -2.7867161e-01   1.0471744e+00
   8.2265669e-01   4.0688366e-01
   8.6152186e-01   9.3959944e-01
  -1.9449090e+00  -1.3306929e+00
   7.8710590e-01   2.6516968e-01
   1.1113838e-01   2.5779635e-01
   2.8576423e-01   4.4521946e-01
  -9.9923085e-02   1.4268349e+00
   6.1246540e-01  -8.6107294e-01
   1.4337277e+00  -3.0675456e-02
   2.6506537e+00   1.4933884e+00
   5.0519616e-02  -4.2648219e-01
   2.5406703e-02   4.3386239e-02
   2.4628340e-01  -1.8019009e+00
   1.3986672e-01   7.5953214e-01
   1.3428052e+00  -4.0274695e-03
  -3.6449776e-01   5.1971406e-01
  -9.7486847e-01   5.0839992e-01
  -3.8115181e-02  -1.2222734e+00
  -8.2962959e-01   9.6643270e-01
  -3.2961843e-01   2.4981878e+00
  -8.8282128e-01   2.5406703e-02
  -6.6064971e-01   2.1351762e-01
  -7.1481235e-01   5.5659745e-01
  -1.1300892e-01   3.3911933e-01
   6.7926188e-01   2.0448523e-02
  -9.0686338e-01  -9.5904608e-01
  -3.4766346e-01   6.3012617e-01
   9.7786241e-01  -1.5822917e+00
   2.7255745e-01   8.5346755e-01
  -1.2597440e+00   1.3423761e-01
   1.1737506e-01   1.7683696e+00
   5.2006870e-01  -1.3458642e+00
  -7.2767104e-01   1.5263161e+00
   7.6990779e-01   3.8510358e-01
   5.4326340e-01  -2.3547319e-02
  -9.6810014e-02  -1.7160926e+00
   6.7031458e-01   1.0787880e+00
   7.4882749e-01   3.4371690e-01
   4.8700979e-01  -1.0312261e+00
   1.7228859e+00  -3.4207408e-01
  -5.7404484e-01  -9.6002793e-01
   1.2563264e+00  -1.8917362e-01
   2.5011735e-01   2.6196213e-01
   6.9141455e-02   5.3645368e-01
   9.3287658e-01  -8.5435974e-01
  -7.3455134e-01   1.6110531e-02
   6.8434316e-01   2.3935720e+00
