   2.7079560e+02   1.0000000e+00
   2.1954690e+02   2.0000000e+00
   3.1731570e+02   0.0000000e+00
   2.4229080e+02   1.0000000e+00
   2.4948360e+02   0.0000000e+00
   2.0865780e+02   0.0000000e+00
   2.2657320e+02   3.0000000e+00
   3.0592710e+02   0.0000000e+00
   2.3250060e+02   1.0000000e+00
   2.7768870e+02   0.0000000e+00
   2.5354620e+02   0.0000000e+00
   3.2817150e+02   0.0000000e+00
   2.0239750e+02   1.0000000e+00
   1.6823160e+02   0.0000000e+00
   2.6060590e+02   1.0000000e+00
   2.3876100e+02   0.0000000e+00
   2.3446530e+02   0.0000000e+00
   2.4442200e+02   0.0000000e+00
   2.2917070e+02   0.0000000e+00
   1.9064250e+02   0.0000000e+00
   1.8105210e+02   1.0000000e+00
   2.3146830e+02   0.0000000e+00
   2.3423220e+02   1.0000000e+00
   2.6393580e+02   2.0000000e+00
   2.2390920e+02   0.0000000e+00
   3.2567410e+02   0.0000000e+00
   2.6563410e+02   0.0000000e+00
   1.5487830e+02   2.0000000e+00
   2.2117860e+02   0.0000000e+00
   2.2760550e+02   1.0000000e+00
   2.0169810e+02   2.0000000e+00
   2.4785190e+02   0.0000000e+00
   1.3826160e+02   1.0000000e+00
   2.5497810e+02   0.0000000e+00
   1.5997320e+02   1.0000000e+00
   2.9277360e+02   0.0000000e+00
   3.0309660e+02   1.0000000e+00
   2.2650660e+02   0.0000000e+00
   2.0665980e+02   0.0000000e+00
   2.4592060e+02   0.0000000e+00
   1.7102880e+02   3.0000000e+00
   2.4352290e+02   3.0000000e+00
   1.1238750e+02   0.0000000e+00
   2.2723920e+02   1.0000000e+00
   1.4548770e+02   3.0000000e+00
   2.0322990e+02   1.0000000e+00
   3.1345290e+02   0.0000000e+00
   2.2004640e+02   1.0000000e+00
   2.9497140e+02   0.0000000e+00
   1.7212770e+02   1.0000000e+00
   2.3383260e+02   1.0000000e+00
   2.7928710e+02   0.0000000e+00
   2.7309330e+02   0.0000000e+00
   2.1778210e+02   0.0000000e+00
   2.7868770e+02   1.0000000e+00
   2.1228750e+02   0.0000000e+00
   2.0732580e+02   0.0000000e+00
   1.1498490e+02   2.0000000e+00
