  -1.3787741e+00  -1.5454619e+00
   6.7899324e-02   2.6484880e-01
   2.2675067e+00   4.9995690e-01
   1.1490745e+00   4.9050088e-01
   2.7188724e+00   8.0325664e-02
   2.9028518e-01  -1.8507503e-01
  -6.3012617e-01  -1.5568104e+00
   1.0322812e+00  -8.9200720e-01
   7.7910740e-01   1.0291194e+00
   2.0370238e-01   1.4311349e+00
  -8.3972444e-01  -4.0595538e-02
   1.7201590e+00   7.5211204e-01
   1.3779731e+00  -2.1605389e-01
  -5.1652529e-01   1.2082670e-02
   1.5323016e+00   4.5138544e-01
   1.1277535e+00  -6.5680103e-01
   2.6720367e+00   5.8283416e-01
  -6.2974838e-01   2.6336427e-02
   3.2406279e-01  -7.0286377e-01
   5.2148788e-01  -1.9701631e+00
  -2.5075669e-01  -6.6721505e-01
  -2.6646341e-02   5.7367958e-01
   1.9359105e-01  -4.0217659e-01
   2.6966483e-01   1.6342216e+00
   1.3173716e-01   1.6248720e+00
  -1.5009904e+00  -4.9750108e-01
   1.1648039e+00   8.3313121e-01
   6.7965213e-01  -1.1641936e+00
  -1.7256256e+00  -4.6549494e-01
   1.0082987e+00   6.8826389e-01
  -6.6644117e-01   6.6334962e-01
  -1.7353182e+00   5.5190135e-01
   3.6317375e-01  -6.0314897e-01
  -9.7743836e-02   1.3949841e+00
   5.0487762e-01   4.2987766e-01
  -1.5082507e-01   3.1037947e-01
  -1.9944710e+00   2.7065968e+00
   2.5096799e-02   1.3747778e+00
  -1.2897640e+00  -3.7378394e-01
   1.6180157e-01  -1.0317535e+00
   1.3795760e+00   1.4915013e+00
  -1.0381046e+00   2.3130134e-01
  -2.0973129e+00  -1.5772238e-01
   7.9091228e-01  -3.6781061e-01
   3.1330664e-01  -1.6922701e+00
   7.9600536e-01  -5.1900499e-01
   6.5718546e-01   8.5168522e-01
  -3.1591082e-01  -1.6389504e+00
   1.6922701e+00   5.8798210e-01
   5.4613818e-01   3.5227464e-01
  -1.2812699e+00  -8.4369795e-01
   2.6324482e-01  -3.0675456e-02
  -5.9795460e-01  -2.9384153e-01
  -8.6918036e-01   1.0407633e+00
   7.1721431e-01   1.5803607e-01
   2.7725595e+00   1.1300892e-01
   2.0176404e+00   1.1777221e+00
  -6.6566769e-01  -4.5928927e-01
  -1.8539019e-01  -1.8959577e+00
  -1.1023712e+00  -7.1161614e-01
   5.5623578e-01   5.4829723e-01
  -4.4214282e-01  -6.5949408e-01
   2.0808349e+00   4.3770615e-01
  -2.9643029e-01  -1.8309259e+00
   7.5458079e-01   3.5326372e-01
  -1.1772843e-02   1.0739847e-01
   3.3155156e-02  -1.7342655e-01
   6.6219193e-01  -8.9246847e-01
   5.9827942e-02   4.7275763e-01
   8.7098978e-01   5.8871879e-01
   1.1161269e+00   2.3321098e-01
   5.4649785e-01   3.7511315e-01
  -5.0910514e-01  -1.0428956e+00
   2.2177375e+00   6.1545788e-01
  -7.0604019e-01  -1.1709310e+00
  -6.1022463e-01  -2.6506537e+00
   1.1138196e+00   1.0176134e+00
   2.3130134e-01   1.4459567e+00
  -1.5651915e+00   4.8666101e-01
  -1.0639390e+00  -1.5673041e+00
   9.9907064e-01   6.6605438e-01
  -1.7080437e+00   6.6064971e-01
   4.5241476e-01  -6.6876401e-01
  -4.3021748e-01   7.3983630e-01
   4.9294820e-01   1.1023712e+00
  -2.5459494e-01  -2.4022035e-01
  -5.7623799e-01  -7.2605716e-01
  -1.2118775e+00   7.3536308e-01
   1.9106635e-01  -1.2414602e+00
   6.6142062e-01   7.4391574e-01
   1.3924105e-01   3.4141721e-01
   1.2486512e-01   1.2618017e+00
  -1.8563493e+00  -5.1157539e-01
   1.4073865e+00   7.2162868e-01
   3.5029751e-01  -3.9814903e-01
   6.4798571e-01   8.9570270e-01
  -2.5506350e+00   8.2005215e-01
  -2.4710484e+00   1.4124086e+00
  -1.3048567e+00  -7.0604019e-01
  -5.7514107e-01  -2.1034921e-01
   4.6445942e-01  -1.6180157e-01
  -5.2326335e-01   9.8989064e-02
  -1.2080716e-01  -1.7659775e-02
   2.8705533e-01  -4.7345061e-01
   1.1377573e+00  -9.4539588e-01
   8.2352611e-01  -1.2174344e-01
   1.1789626e+00  -2.0545664e+00
  -1.8650968e+00   1.2926161e+00
  -5.5551265e-01  -1.3597883e+00
   5.8577394e-01   7.6201481e-01
   9.5512786e-01  -1.1550359e-01
  -6.1097121e-01  -3.8010362e-01
  -2.2843845e-01  -1.1839432e+00
  -7.6616306e-01  -6.8904931e-01
  -1.9075085e-01   1.9232855e-01
   1.0623036e+00  -1.2099428e+00
   1.2248931e+00   8.5972720e-01
  -3.8115181e-02  -2.0844918e-01
  -4.6376935e-01  -9.7337477e-01
   1.2334657e+00  -8.6232405e-02
   5.8063263e-01  -1.3925292e+00
  -1.3017480e-01   2.6709551e-01
   4.8352463e-01   1.1332072e-01
  -4.0284848e-01  -2.9999309e-01
  -9.1013990e-01  -7.4677874e-01
  -5.0522957e-01   2.6356557e-01
   1.3861543e-01  -8.3708278e-01
   8.0539673e-01  -8.7280205e-01
   1.5194015e+00   1.3187728e+00
   1.3535674e+00   1.1752463e+00
   6.5028048e-01   1.0833330e-01
   1.0487839e+00  -7.9898587e-01
  -1.0552493e+00  -2.4981878e+00
  -1.5801288e+00   1.0233495e+00
  -2.2748457e-01  -3.4108883e-01
   3.7495129e-02  -8.1918520e-01
   4.3838816e-01   1.2203141e+00
  -2.6388633e-01   7.6533236e-01
  -5.5659745e-01  -8.4901678e-01
   6.3239483e-01   6.3884048e-01
  -3.3387372e-01   1.1508749e+00
  -1.0129451e+00   3.9881984e-01
  -3.4536064e-01   1.2735641e+00
   2.5683565e-01   9.4976414e-01
   2.3671421e-01  -6.6657298e-02
  -7.1121713e-01   1.1306840e+00
   1.2299197e-01   2.8815807e-02
   1.5615416e-01  -8.0154626e-01
  -1.7508869e+00   6.1961298e-03
  -9.7188324e-01  -4.3123723e-01
  -3.7777356e-01   1.2073703e+00
  -1.3382401e+00  -9.5268641e-01
  -1.0285935e+00  -4.8735863e-01
  -8.5838301e-01  -9.8992687e-01
  -1.9616055e+00   1.9075085e-01
  -3.9982639e-01  -1.1965249e+00
   5.4218651e-01  -7.2928683e-01
  -1.6656385e+00  -3.3027270e-01
  -2.1965043e+00   4.3191732e-01
  -1.0601274e+00  -1.4389424e+00
  -8.8786427e-01  -1.2294979e+00
   1.0428956e+00  -6.7278298e-02
   4.6549494e-01  -2.5406703e-02
  -4.0486525e-01  -4.5001374e-01
  -9.8588944e-01   4.8456956e-01
   8.4104746e-01   1.9643282e-01
   3.7478078e-01   4.2241411e-01
  -8.9662849e-01   2.2335347e-01
  -7.9091228e-01   3.8425213e-02
  -9.9611735e-02  -6.7899324e-02
  -1.5834977e-01  -1.2028874e+00
  -6.6657298e-02   1.7925549e+00
  -2.6611931e+00  -3.5293399e-01
   3.9045287e-02   1.1771025e+00
  -5.8761387e-01  -1.5164601e+00
   7.0683541e-01   1.9264414e-01
  -4.2139819e-01  -2.5491496e-01
   2.1573678e-01  -1.4276928e+00
   4.5928927e-01   1.2542828e+00
  -7.8583964e-01   1.6260329e+00
   4.3463966e-01  -2.2271826e-01
  -1.4706595e-01  -2.0320796e+00
   1.0333374e+00   8.6421907e-01
  -1.0950065e+00   1.0865820e+00
  -2.9966904e-01   1.6295290e+00
  -3.9345837e-01   5.2113299e-01
  -3.2961843e-01  -1.1562987e+00
   9.2857691e-01   2.0623343e-01
   1.5363226e+00   8.4812864e-01
   6.4264446e-01  -1.0972662e+00
  -3.1460846e-01  -6.7770194e-01
   1.2840910e+00   1.3017480e-01
   4.6204515e-01   1.3224777e+00
  -1.0134627e+00   7.9393282e-02
  -2.5203570e-01   1.6023233e-01
  -6.5296205e-01  -1.7174449e+00
  -5.5623578e-01   6.6036324e-02
  -7.8541784e-01  -7.3414566e-01
  -3.8425213e-02   1.1893493e-01
  -1.4251490e-02   1.5323016e+00
  -1.8822751e-01   2.9513566e-01
   1.9011990e-01   2.1290900e+00
   1.1519172e-01   8.6827672e-01
  -9.7432552e-02   2.5427027e+00
  -3.6847366e-01   1.5929098e-01
   1.7133973e+00   5.8503852e-01
   5.0663799e-01  -1.5526605e+00
  -8.3006674e-01  -4.4830032e-01
   1.1040792e+00  -6.5334552e-01
   8.7008472e-01   5.6711797e-01
  -8.7461720e-01  -2.7931581e-01
  -2.1732254e-01  -1.0514725e+00
   4.3941154e-01  -1.3486286e-01
   6.4607601e-01  -6.1960906e-04
  -1.0843484e+00  -1.1063617e+00
  -3.3190900e-01  -9.6396465e-01
   1.5125587e+00   6.5756999e-01
   1.2205555e-01  -1.8885333e+00
   2.0560054e-01   1.0391672e+00
  -1.4512645e+00   2.1965043e+00
   1.1219212e+00  -9.0897738e-02
   2.6420713e-01   5.6529963e-01
   6.0835967e-01  -9.0173412e-01
  -1.7349923e-02   1.2495348e+00
  -9.0452895e-01   3.8777416e-01
   3.2634919e-01  -7.8626159e-01
  -7.4473312e-01  -1.1348032e+00
  -8.3840288e-01  -1.2216198e+00
   1.6682581e-01   9.5561684e-01
   6.1134463e-01  -1.1395345e+00
   5.6130586e-01   1.3026824e+00
   2.5840793e+00   7.0922375e-01
   4.6470843e-03   1.7683696e+00
  -8.4104746e-01  -2.1965043e+00
   8.4591122e-01   3.2896430e-01
  -2.6956256e-02  -2.4692214e-01
  -3.0615603e-01  -3.7710821e-01
   1.7409308e+00   3.2031069e+00
   2.7770553e-01  -8.8008001e-01
  -1.1120931e+00  -6.2937067e-01
   1.4756714e+00   2.5459494e-01
  -8.0947290e-02   9.9093876e-01
  -3.3715114e-01   1.5057860e+00
   9.9499647e-01  -5.6239418e-01
   3.0453309e-01  -1.8511683e+00
  -7.1004851e-02  -3.0119824e+00
   3.0420859e-01  -7.6242904e-01
   1.0547088e+00   5.0875250e-01
   6.4794452e-02   1.3247093e+00
  -1.1353932e+00   1.7014199e+00
   7.8288992e-01  -1.2926161e+00
  -4.7865525e-01   5.0593365e-01
  -3.2602245e-01   1.5976434e+00
   9.9856046e-01  -1.3423761e-01
  -7.3861486e-01   1.2268634e+00
   1.8528898e+00   4.8213222e-01
  -1.2054461e+00   5.9980787e-01
  -1.6413287e+00  -7.7994700e-01
   3.9245435e-01  -1.4962290e+00
   1.6965380e-01  -7.9133592e-01
  -3.8210246e-01   8.3137913e-01
   3.1460846e-01   1.5855500e+00
   4.7657184e-01   1.1952582e+00
  -3.4865094e-01   8.7008472e-01
   3.2536910e-01   4.1025138e-01
  -5.9980787e-01   1.3558941e+00
   1.4602028e+00  -3.6549120e-01
  -3.7611049e-01  -5.1192854e-01
  -7.0073123e-02  -1.2468342e+00
  -8.9431546e-01  -1.0103611e+00
  -9.0920276e-01   4.5275798e-01
   1.7107144e+00   9.4631425e-02
   9.0313065e-01   5.3860142e-01
  -7.5353747e-02   7.9704068e-02
  -3.7013200e-01  -6.5104617e-01
   1.3224777e+00  -7.8150213e-02
   7.9704068e-02   1.8146125e+00
   1.4319981e+00   1.6420377e-02
  -4.9568924e-03   1.8922324e+00
  -3.9975426e-02   8.2190638e-02
  -1.7941017e+00  -8.6152186e-01
   5.7916651e-01   5.4865732e-01
  -8.0968908e-01   1.1201790e+00
  -8.0014862e-02   1.2819742e+00
  -7.5746682e-01   1.4512645e+00
   2.8533721e+00   1.4090566e+00
   1.8129447e-01   4.8700979e-01
  -1.9228013e+00   8.8099303e-01
  -1.4629072e+00  -1.9810672e+00
   3.7278746e-01  -5.0522957e-01
  -3.8143601e-01   1.2242374e+00
   4.7830787e-01  -6.2145945e-01
  -9.1672245e-01   6.2899306e-01
   6.8395167e-01   7.0088211e-01
  -1.1143959e+00   1.7120543e+00
   5.3252258e-01  -1.0402310e+00
  -1.4468385e+00  -7.9091228e-01
  -2.2968212e+00  -3.1525957e-01
  -1.4990817e+00  -3.4236020e+00
  -1.7040073e-02  -5.8026599e-01
  -2.7873230e+00  -6.4454994e-01
  -5.4937772e-01   1.6807104e+00
   1.9832821e-01  -8.9342412e-02
   2.6452795e-01  -5.9536346e-01
   3.4700532e-01  -1.5194015e+00
  -5.5081936e-01  -8.3620353e-01
  -1.3374819e+00   1.3535674e+00
   7.6284341e-01   3.4371690e-01
  -1.1075050e+00  -2.8157142e-01
   1.6117383e-01  -1.0905038e+00
   2.0973129e+00  -4.9568924e-03
   4.0587425e-01  -3.5392330e-01
  -1.7147434e+00   7.8837343e-01
   4.6307951e-01   6.1695618e-01
  -3.2177809e-01   7.7408131e-01
  -7.2082502e-01   6.1845588e-01
   6.1358693e-01  -1.2299197e-01
   9.7138654e-01   8.6017560e-01
  -1.7987681e+00   8.9894633e-01
  -1.2434713e+00  -1.1145011e-01
   3.8710626e-01   1.0103611e+00
  -6.8395167e-01  -1.5888252e+00
  -4.4936773e-02  -1.0749155e+00
  -4.5275798e-01  -1.0006027e+00
  -1.2454873e+00   9.8287188e-01
  -1.6032185e+00   2.0945268e+00
   5.1723345e-01  -9.9754088e-01
   3.2031069e+00   3.4240257e-01
   4.8875459e-01   1.2361630e-01
  -6.0761427e-01  -1.3209935e+00
   4.4936773e-02  -4.3293782e-01
  -1.5646777e-01  -2.4883896e-01
   1.1581547e-01   5.1794187e-01
   7.1361292e-01   3.1395748e-01
   7.1441242e-01   2.6773767e-01
   6.8830912e-02  -2.5043701e-01
   5.1510975e-01   6.7419808e-01
  -5.8577394e-01   1.8194558e+00
   2.2684877e-01  -3.1070458e-01
   1.1939934e+00   1.2756582e+00
   6.3618319e-01  -1.4048887e+00
  -3.1168011e-01   1.1172828e+00
  -1.8223936e-01  -4.1902938e-01
  -9.8677742e-02   8.1568948e-02
  -6.6180623e-01  -6.2635225e-01
   1.0264925e+00   8.0668287e-01
  -2.9448853e-01   2.2525966e-01
  -7.9855965e-01  -7.1681369e-01
  -1.1109439e+00   1.2767568e-01
   1.8885333e+00   2.9060834e-01
   3.3780706e-01   1.1353932e+00
   3.4305966e-01  -1.0459452e-01
   6.8043292e-01  -7.1641319e-01
  -1.0466385e+00   3.7311958e-01
  -1.0699601e+00  -5.0136158e-01
   2.7899370e-01  -2.6260342e-01
   2.0054040e-01  -3.7444846e-01
  -2.1161632e-01  -7.6616306e-01
   4.6895028e-01   2.1986091e-01
  -1.1648039e+00  -6.6682806e-01
  -1.0375737e+00  -1.4584058e+00
   9.0967123e-01   7.5334584e-01
  -7.4759786e-01  -3.3452892e-01
  -1.3966253e+00  -1.5489987e-01
   1.4981295e+00   5.1581739e-01
   4.9995690e-01  -8.6963245e-01
   8.0282843e-01   2.5840793e+00
  -1.1363252e-01  -2.3236205e+00
  -4.8945293e-01   1.0116858e-01
  -6.9534802e-01   4.3076145e-02
  -9.9195165e-01   3.6814211e-01
   5.2184285e-01  -4.1396125e-01
  -1.0186539e+00  -2.2208314e-01
  -8.8099303e-01   1.0402310e+00
   5.1794187e-01  -2.2715765e+00
  -1.4477214e+00   5.1263502e-01
  -3.8777416e-01  -3.1395748e-01
  -1.0418288e+00   3.8911049e-01
   3.6482887e-01   1.1772843e-02
  -3.3092711e-01   3.0980451e-04
  -6.4493132e-01   8.6152186e-01
  -8.4458276e-01   1.4952808e+00
   1.7846075e-01  -9.3335538e-01
   5.3824329e-01  -2.0224068e+00
   4.4521946e-01   1.0238726e+00
  -5.7003121e-01  -5.7294930e-01
  -1.1831095e-01  -5.5587418e-01
  -5.3395112e-01   1.2590593e+00
  -9.2524456e-01   1.9267513e+00
  -6.6346808e-02  -8.2265669e-01
  -2.4819992e-01  -8.0496831e-01
  -4.1126260e-01   3.0365508e-02
   2.7996013e-01  -4.7553092e-01
  -1.3165585e+00  -1.1893493e-01
  -8.9616550e-01   5.5623578e-01
  -5.7367958e-01   2.6228277e-01
  -1.6718723e+00  -4.2987766e-01
   2.8356689e+00   7.3698799e-01
   1.3517550e-01  -7.7617313e-01
   1.1990641e+00  -7.4391574e-01
   2.1859155e-01  -8.6421907e-01
   9.2571998e-01   1.1895817e+00
   6.4913267e-01  -1.4208588e+00
  -2.2400203e+00  -2.5052693e+00
  -4.2546452e-01  -5.4003462e-01
  -5.2113299e-01   8.7165318e-02
   1.7940516e-01  -7.2686386e-01
  -1.3582282e+00  -9.8639324e-01
   1.1371657e+00  -1.7122548e-01
   1.7698511e+00   4.8352463e-01
  -1.6570184e+00  -3.9680795e-01
   1.9769633e-01  -3.3485657e-01
   7.4309887e-01   8.6746350e-03
   1.5489987e-01  -5.2432942e-01
   1.8580875e+00  -5.0628579e-01
   1.4802888e+00   1.5333234e-01
   6.5415375e-02  -2.2144810e-01
  -6.7380927e-01   1.4251223e+00
   2.2555177e+00   2.1700535e-01
   1.8066463e-01  -1.2590593e+00
   5.5768291e-01   7.3414566e-01
  -1.5383425e+00   1.8259807e+00
  -5.5765100e-03  -1.7437578e+00
  -1.6473153e+00  -3.4667631e-01
  -7.7910740e-01  -1.1052197e+00
   6.7419808e-01   1.4023996e+00
  -1.2756582e+00   5.4541906e-01
   9.2764420e-02   2.2907448e-01
   2.1999749e+00   3.2373630e-01
   7.6907265e-02   8.1442796e-01
  -5.1900499e-01   2.2780251e-01
   7.8626159e-01   3.2994555e-01
   8.6647156e-01   1.1425617e-01
   2.1922618e-01   5.2077816e-01
  -9.1483768e-01  -9.8136645e-01
  -6.5066328e-01  -1.5019841e-01
   4.7379718e-01   1.7720178e-01
   1.7683696e+00   1.1697021e+00
  -1.1532813e+00  -2.4564476e-01
   1.2041657e+00   3.3846312e-01
   2.8899288e-01   2.3862629e-01
   6.5564832e-01   2.4216725e+00
  -2.3671421e-01   1.0743636e+00
  -3.7179135e-01  -5.0452574e-01
   1.2267982e-01  -4.5860085e-01
   1.1783421e+00   6.3656253e-01
  -7.0564275e-01  -1.3611350e-01
  -5.7733560e-01   9.6445779e-01
   6.5104910e-02   2.5651547e-01
   1.7566549e+00  -1.1569034e+00
   5.5154062e-01   1.6909745e+00
  -4.0352055e-01  -4.6791309e-01
  -2.3011743e+00  -3.5755375e-01
  -7.8668368e-01  -3.0810463e-01
  -1.3613518e+00   8.5659318e-01
   2.3894505e-01  -1.1213401e+00
  -2.6324482e-01  -1.4575091e+00
   5.9203786e-01   3.4963877e-01
  -1.2392183e-03   1.1914696e+00
  -8.1875196e-01  -4.3634276e-01
  -2.0939910e-01   1.8602058e-01
   8.7144258e-01   6.8630221e-01
   5.3073843e-01  -1.4849380e+00
  -5.3967622e-01  -1.2652431e+00
  -6.0575226e-01  -6.1069426e-02
  -6.2296334e-01  -8.6557004e-01
   8.2091971e-01   6.2823809e-01
   1.6043395e+00  -3.7843909e-01
   5.0241574e-01  -5.3824329e-01
  -1.1550904e+00  -2.3098315e-01
   5.1581739e-01   8.9154612e-01
   1.7537636e+00   4.0150488e-01
  -1.8997094e+00   2.0675224e+00
  -1.8588281e-03   9.7886234e-01
   1.5019841e-01   4.2512539e-01
  -8.9342412e-02  -2.8027203e+00
   2.5043701e-01   1.7940516e-01
  -5.3145189e-01   2.3575850e-01
   9.0779853e-01   2.1378139e-02
   6.9452004e-02  -2.3480300e-01
  -3.0940434e-01   2.7062879e-01
   1.2819742e+00  -9.0266495e-01
  -2.0520162e+00  -2.0649033e+00
   9.7121279e-02   9.7387243e-01
   2.1668817e-01   5.1440236e-01
  -6.0835967e-01  -1.7374106e-01
   2.4245307e-01  -1.8602058e-01
  -3.1298127e-01  -6.2258723e-01
  -1.2673872e-01  -2.8318345e-01
   1.3367245e+00   2.8899288e-01
  -9.2571998e-01   7.1936642e-02
  -1.0843370e-02  -1.2798632e+00
  -3.7805153e-02   1.0655773e+00
  -7.9558015e-01  -3.3911933e-01
   3.8443637e-01  -1.4896195e+00
   2.5716608e-02   4.1159977e-01
  -4.1159977e-01  -3.5095640e-01
  -3.9111628e-01   2.1637102e-01
   9.7089009e-01  -1.8633580e-01
  -1.5270543e-01  -6.3694196e-01
   8.1961860e-01   3.8735248e-02
   3.7977063e-01  -5.3002525e-01
   1.3884563e+00   1.7311206e-01
  -2.4786899e-02  -1.2196621e+00
   5.3681147e-01   3.1721371e-01
  -1.8255436e-01  -1.3933466e+00
   6.7653306e-01   4.8143636e-01
  -1.3527935e+00   1.3435688e+00
   8.3313121e-01  -1.2275212e+00
  -5.3109513e-01   9.6495116e-01
   5.8761387e-01   1.1213401e+00
   3.0365508e-02  -1.0228266e+00
   9.4942624e-02  -9.8086514e-01
  -4.5722466e-01   2.1034921e-01
  -7.1761503e-01  -4.6445942e-01
   1.3254547e+00  -8.2048585e-01
  -1.3344570e+00  -2.3376719e+00
   7.7408131e-01   1.2131699e+00
  -6.5104617e-01   2.5811663e-01
  -4.3838816e-01  -2.1172861e+00
  -1.3925292e+00   5.0699025e-01
  -1.7639482e+00  -5.0839992e-01
   3.1395748e-01   2.1686333e-03
   3.8577097e-01   7.9006543e-01
   2.9435679e-02   3.9647280e-01
  -6.0129198e-01  -8.2222221e-01
   2.4309121e-01   7.5005824e-01
   1.1715462e+00   1.2229275e+00
  -1.5301888e-01  -1.4191607e+00
   1.4737913e-01   1.3382401e+00
  -1.5154826e+00   8.3796268e-01
  -7.2444516e-01  -2.7873230e+00
  -1.0249197e+00  -8.6872845e-01
   2.7266175e-02  -1.2830039e-01
   2.0494792e+00   8.3488585e-01
   4.8840551e-01  -6.5833933e-01
  -1.1605408e+00   1.6122437e+00
  -5.8467093e-01  -8.1313373e-01
   9.7586547e-01   6.9452004e-02
  -3.3289120e-01  -1.2756582e+00
  -3.0453309e-01   1.7833629e+00
   1.9367600e+00   3.7544555e-01
   2.3237429e-02  -6.2748349e-01
   7.2767104e-01   8.4055898e-02
  -5.9019313e-01   1.3352121e+00
   4.0049765e-01   1.6651168e-01
  -9.2942691e-03  -3.2177809e-01
  -7.0286377e-01  -7.1315441e-02
   2.9416501e-01   1.4858717e+00
   9.2667145e-01  -6.1690204e-02
   1.0103611e+00   3.6648499e-01
   1.4140906e+00   4.1936764e-01
   1.0301722e+00   1.2035263e+00
   2.4085815e-01  -4.6687640e-01
   5.6675415e-01  -1.2428003e+00
  -1.4674384e+00   3.9680795e-01
  -1.0787880e+00  -8.1442796e-01
   1.7395225e+00  -2.4786899e-02
   2.1378139e-02  -5.5515119e-01
   1.3811825e+00  -1.5125587e+00
  -3.8476996e-01  -6.5641670e-01
  -3.4273110e-01  -1.3236220e-01
  -2.0758393e-02   4.1869117e-01
   1.4424407e+00  -5.4541906e-01
   1.1115183e+00  -5.4434091e-01
   1.1851929e+00   3.0355971e-01
  -2.0749945e-01   6.3694196e-01
  -6.6036324e-02  -1.4831876e-01
   6.0649681e-01   5.6420953e-01
   5.2788731e-01   1.1020326e-01
   8.6872845e-01  -2.3161955e-01
   7.9515508e-01  -1.9828788e-02
   1.9043536e-01   1.5475105e+00
   3.7877191e-01  -9.2714750e-01
   2.4883896e-01   2.6404007e+00
  -7.7533600e-01  -9.4491163e-01
   5.9425420e-01   1.1648039e+00
  -3.9613768e-01  -2.2798308e+00
  -5.6893818e-01  -3.4963877e-01
  -8.6232405e-02   2.4710484e+00
  -2.2925113e+00  -1.9422242e-01
   2.9190125e-01   6.2258723e-01
  -4.7796055e-01   2.0496774e-01
   1.4550026e-01  -4.3668353e-01
   2.3639562e-01   4.8561502e-01
  -2.4456155e+00   5.1334177e-01
  -1.2997928e+00   2.4149604e-01
  -6.8944218e-01  -1.1454848e+00
   1.2421300e+00   9.6989789e-01
   2.4518264e+00   1.4299591e-01
   1.5609873e+00   1.3723905e+00
  -2.0448523e-02  -2.0369883e+00
  -6.0426417e-01  -3.6416670e-01
   4.5035659e-01   1.5844620e+00
  -7.3009544e-01  -1.3705163e-01
  -1.2354570e+00   5.9019313e-01
   3.7744087e-01  -6.9022823e-01
  -1.2288385e+00   1.1544870e+00
  -1.2721711e+00   6.0389235e-01
  -2.5273023e+00  -1.1254160e+00
  -4.7518406e-01   1.0708688e-01
   4.3668353e-01   2.4045853e+00
  -7.9983875e-01   7.1401261e-01
   5.9684362e-01  -8.5659318e-01
  -1.3172959e+00  -4.1835809e-02
   5.5913121e-01   3.1915282e-02
  -1.7342655e-01   4.9568924e-03
   7.9175970e-01   7.2002183e-01
   1.3114168e+00   6.1433505e-01
  -3.2373630e-01  -7.5787962e-01
   3.4705070e-02  -1.4756714e+00
   4.0318449e-01  -1.6808253e-01
  -6.4913267e-01   2.6645346e-01
   5.5406726e-01  -1.5029045e+00
   1.3321988e-02  -4.9899226e-02
   1.5998675e+00   5.7034937e-02
  -1.0957990e-01  -1.4561326e-02
   6.8865655e-01  -5.8945580e-01
   1.8309259e+00   1.0633936e+00
  -1.3306929e+00   1.1407213e+00
   1.4548259e+00  -1.3055828e+00
   2.1986091e-01  -5.6966679e-01
   6.0985147e-01   1.2976328e+00
  -1.6111084e+00   1.3860236e+00
   5.0839992e-01  -1.2659332e+00
  -1.5333045e+00   6.0448673e-02
   4.2987766e-01   7.7241029e-01
   1.9408184e+00   7.0802907e-01
  -9.5415060e-01  -2.3289265e-01
   2.5107641e-01   1.1230846e+00
   5.5840691e-01  -6.4913267e-01
   1.1207360e-01  -4.3191732e-01
   9.6297907e-01   3.1102972e-01
   2.2049572e-01   2.6998612e-01
   1.8443366e+00   2.7545235e-01
  -2.7996013e-01  -6.3846060e-01
  -1.5019467e+00  -4.2885850e-01
   4.6177277e-02   1.0944425e+00
   1.8409528e+00   2.1795700e-01
  -5.0945784e-01   7.1921910e-01
   7.0962220e-01   1.0895658e-01
   7.8837343e-01   6.8160490e-01
   1.5029045e+00  -4.3498018e-01
  -1.0471744e+00  -3.9044751e-01
   7.2686386e-01   1.5270543e-01
  -7.2162868e-01  -3.3092711e-01
   9.9601346e-01   3.4799258e-01
  -1.2805662e+00   1.5009904e+00
  -4.3157725e-01  -4.6342440e-01
   9.5317425e-01  -5.9277631e-01
  -3.4078562e-03   7.2888271e-01
   6.0352062e-01  -4.7969773e-01
   1.4539338e+00  -1.3142467e-01
   1.7523235e+00   3.5821434e-01
   4.0184071e-01   1.2164096e+00
  -4.6756747e-01  -1.8412964e-01
  -1.9922121e+00   1.6190998e+00
   9.2239641e-01  -5.5483461e-02
  -9.6989789e-01   2.7996013e-01
  -2.8720173e+00   2.8479622e-01
   1.7080437e+00  -1.5866349e-01
   7.2928683e-01   7.7868781e-01
   3.4338826e-01   4.2766055e-02
  -4.8074073e-01  -2.5107641e-01
   1.1569034e+00  -1.1401277e+00
  -4.9589038e-02   1.1727778e+00
   1.9723253e+00   9.1831039e-02
  -3.5029751e-01   1.5801288e+00
  -2.8917179e+00   1.9944710e+00
  -3.8877634e-01   1.0264925e+00
  -7.6949118e-01   5.3109513e-01
  -1.7028242e-01  -4.4898553e-01
  -4.6470843e-03  -9.8841095e-01
   1.3299424e+00   1.0514725e+00
  -7.7701081e-01  -9.6040874e-03
  -1.8546168e+00  -4.5516198e-01
   4.5963357e-01   8.8236394e-01
   7.5043065e-02   5.2042339e-01
  -6.8238674e-01   1.2728673e+00
  -6.7536511e-01  -1.1599335e+00
   2.3990149e-01  -9.4249370e-01
  -1.1684749e+00  -1.3048725e-01
   1.9169320e+00   5.6166856e-01
  -1.0306990e+00   2.3225605e-01
   2.0813258e-01   1.0223041e+00
  -8.6854339e-02   1.7713365e+00
   1.6681243e+00  -9.0586655e-02
   5.4290437e-01   1.5998675e+00
  -9.3911783e-01  -7.8837343e-01
  -1.0716090e+00  -1.0386358e+00
  -6.8121414e-01  -1.2112321e+00
  -7.7408131e-01  -4.6964201e-01
   9.8740159e-01   3.4667631e-01
  -9.4879185e-01   3.4043219e-01
  -9.5565050e-02   1.0296457e+00
  -9.8488259e-01  -4.6756747e-01
  -1.6582423e+00  -5.3681147e-01
  -1.6681243e+00   1.6896817e+00
   5.8246705e-01  -2.3448455e-01
   6.2931830e-02  -6.1022463e-01
  -1.2784590e+00  -1.3041312e+00
  -2.1862485e+00  -6.4836794e-01
   6.0759047e-02   1.0955709e+00
  -1.1733942e+00   1.0487839e+00
  -2.3289265e-01  -2.2362287e+00
   4.8805649e-01   1.3458642e+00
   8.9524009e-01   1.0303712e-01
  -6.2484518e-01   7.0365721e-01
  -1.2308184e+00   1.8178366e+00
  -7.7217991e-02   6.5415375e-02
   1.0530893e+00  -1.1799897e-01
  -1.0955709e+00  -6.2672924e-01
   4.7033398e-01   3.4865094e-01
  -3.6317375e-01   3.6781061e-01
   8.5972720e-01   1.2702326e-02
   5.9573338e-01   1.6974811e+00
   6.2183529e-01  -8.2831911e-01
  -6.1620686e-01  -2.0448523e-02
  -1.4486055e+00  -7.2969107e-01
  -1.2652431e+00  -4.4521946e-01
  -2.6260342e-01  -1.5009904e+00
  -1.6556936e-01  -1.0186539e+00
   2.0448523e-02   8.6062418e-01
   1.9801226e-01  -5.4757727e-01
   4.1564944e-01   8.1879789e-02
  -6.3050406e-01   8.1356499e-01
   1.2080716e-01  -4.0049765e-01
  -9.6002793e-01   1.0989647e+00
   1.6871099e-01  -3.7805153e-02
  -9.3335538e-01  -1.0623036e+00
  -3.6615368e-01   3.5945062e-02
  -5.0206429e-01  -1.6706204e+00
   2.4022035e-01  -7.6408729e-01
   1.6065877e+00   7.5746682e-01
  -2.6832038e+00  -8.8648667e-01
   1.1020326e-01  -5.4649785e-01
  -3.8610473e-01  -1.4933884e+00
   7.4800761e-01  -6.3863113e-02
   1.0821202e+00   2.1890886e-01
   9.4636505e-01   6.6180623e-01
  -3.6946854e-01  -8.2178789e-01
   1.8602058e-01   2.1999749e+00
   1.1876980e+00  -1.9327539e-01
   7.9855965e-01   1.0328091e+00
   3.6255068e-02   6.3960054e-01
  -9.5876277e-02  -7.4841748e-01
  -1.1097961e+00   2.1320068e-01
   3.7311958e-01  -1.5048241e+00
   5.0628579e-01   1.2455290e-01
  -2.1541969e-01  -1.0275424e+00
   4.7483725e-01  -1.8589341e-02
   1.8223936e-01   1.4107306e+00
  -8.0539673e-01   2.4275289e+00
  -2.6870113e-01  -9.9958107e-01
   5.3860142e-01   3.5920551e-01
  -9.7986325e-01  -1.8665104e-01
  -7.0365721e-01   8.4366803e-02
  -2.2494190e-01   1.6521474e+00
  -3.9915531e-01  -7.3820796e-01
  -8.8970368e-01  -1.0699601e+00
  -1.8739893e+00   8.7370927e-01
   7.9813357e-01   1.5464854e+00
  -1.5709505e-01  -7.3455134e-01
   2.0117263e-01  -3.6516001e-01
  -1.5536955e+00  -9.5806515e-01
  -1.1103698e+00  -5.2070678e-02
   4.3327809e-01   3.0755567e+00
   1.7581061e+00   3.6185037e-01
  -3.2014719e-01   1.5747537e+00
   1.1018025e+00  -3.8343587e-01
   7.0763107e-01   1.2157606e+00
   1.4415644e+00  -1.4299591e-01
   2.6709551e-01   5.2966876e-01
   3.1493400e-01  -1.9959220e-01
   5.0981061e-01   1.6274330e-01
   8.2265669e-01   2.3672433e+00
   1.2190105e+00  -7.3780118e-01
  -6.4722155e-01  -1.7552075e+00
  -8.1485967e-01  -6.7380927e-01
   6.9180162e-01  -5.3109513e-01
   4.0284848e-01  -1.4784380e+00
   2.5523501e-01  -6.0947839e-01
   2.7673971e-01   8.5346755e-01
   4.6825876e-01  -8.1745316e-01
  -5.6493619e-01  -5.7404484e-01
  -9.2142157e-02  -8.0368394e-01
  -5.4649785e-01  -8.6197096e-01
  -1.9347427e+00  -6.5564832e-01
  -2.6516968e-01   1.2604293e+00
  -9.6297907e-01  -4.5481839e-01
  -9.3623272e-01   5.6857398e-01
   8.9616550e-01  -8.7189556e-01
   1.3512480e+00   9.3096349e-01
   7.7617313e-01  -7.0073123e-02
   1.1000988e+00  -6.6837662e-01
  -3.4700532e-01  -1.5943220e+00
   7.0882541e-01  -3.7644302e-01
   6.0612450e-01  -1.0210281e-01
   3.6449776e-01  -1.6731269e+00
  -1.6306988e+00  -5.8761387e-01
  -3.9881984e-01  -1.8757857e+00
   1.3876445e+00   1.1939934e+00
  -2.0022431e-01   1.3631821e-02
  -2.1351762e-01   8.2501495e-02
  -1.0633936e+00  -4.9504825e-01
   4.1215666e-02  -1.4328624e+00
   1.1080773e+00   1.3705163e-01
   6.5833933e-01   1.7256256e+00
   7.5664159e-01  -1.0677529e-01
   7.0643774e-01   6.4798571e-01
  -9.9499647e-01   2.2177375e+00
   1.0334858e-01   4.3702436e-01
   1.4354616e+00   1.5233438e+00
  -4.3532075e-01   9.4104559e-01
  -1.2904760e+00  -5.0311883e-01
  -9.6187514e-02  -2.2303585e-01
  -1.2488588e+00  -1.1143959e+00
   1.0317535e+00   1.5568104e+00
   1.3392501e-01   2.2367111e-01
   1.6295290e+00   8.2570240e-01
   1.7773176e+00   1.2580187e-01
   2.1143808e+00   6.8787134e-01
  -4.1666292e-01  -8.4768482e-01
  -9.6051921e-01  -7.3171409e-01
   5.8982442e-01   1.1920998e+00
  -1.1300892e-01  -4.4111820e-01
   2.1129951e-01   6.7278298e-02
  -1.3443331e+00   9.2905380e-01
   1.0144987e+00   2.5363503e-01
  -4.2207542e-01   4.2682152e-01
  -8.4502541e-01  -1.1219212e+00
  -5.2717520e-01   1.2777579e+00
  -1.3548815e-01  -7.2323739e-01
   6.8630221e-01  -7.1121713e-01
  -1.4424797e-01   4.4316790e-01
   1.3708033e+00  -4.8945293e-01
   6.0240592e-01   1.1721617e+00
   8.6197096e-01   7.0723318e-01
   6.8238674e-01  -4.7275763e-01
   1.3329491e+00  -6.3201650e-01
  -1.9723253e+00  -1.2461605e+00
  -1.3455023e-01   3.4404557e-01
  -9.0826641e-01  -4.1632505e-01
   1.6431317e-01   1.8511683e+00
  -8.9339158e-01  -5.2219787e-01
   8.9062452e-01  -2.8092682e-01
   1.5899207e+00   3.9613768e-01
  -1.1401277e+00  -9.3911783e-01
   1.1562987e+00   5.4862908e-02
  -1.1721617e+00   1.4539338e+00
   1.3180340e+00   1.7040073e-02
  -1.9264414e-01  -2.4477000e-02
  -2.1225000e-01  -6.2409218e-01
  -1.3844063e+00   1.1764833e+00
  -1.7409308e+00   2.9842585e+00
   8.8740488e-01  -8.6107294e-01
   1.9449090e+00  -3.3649537e-01
  -1.9864418e-01  -1.6643995e+00
   3.1525957e-01   3.0119824e+00
  -6.9101471e-01   9.1672245e-01
   1.6088439e+00  -3.8476996e-01
   1.2131699e+00   7.5458079e-01
   3.3420130e-01  -1.0989647e+00
   6.8512647e-01  -1.8528898e+00
   5.0945784e-01   3.6350469e-01
  -1.1629743e+00  -1.0196954e+00
  -1.0832336e+00  -5.4552639e-02
   5.0347046e-01   9.1955573e-01
  -1.5888252e+00  -2.1729221e+00
  -6.6605438e-01   4.9715049e-01
  -1.8668635e+00  -1.0026492e+00
   4.1835301e-01  -2.3926384e-01
   2.6677447e-01   1.6533615e+00
   6.8983515e-01  -4.4043538e-01
   1.2502114e+00   6.0500805e-01
   5.5081936e-01  -5.0417392e-01
   3.2079945e-01  -2.1320878e+00
  -9.0499544e-01  -7.9813357e-01
  -5.3752724e-01  -7.9855965e-01
  -2.3723788e+00   9.6643270e-01
   5.2397400e-01  -2.2430646e-01
   1.5393548e+00  -4.0856694e-01
   8.3137913e-01   1.4294118e+00
  -3.9278898e-01  -1.8019009e+00
  -1.2394542e+00  -3.8643853e-01
  -2.9481208e-01  -9.1436699e-01
  -2.8533721e+00  -2.2213754e+00
  -1.2299197e-01   3.3092711e-01
  -1.3158219e+00  -7.6741011e-01
  -1.2954995e-01  -8.4988638e-02
   7.7074142e-01   9.0897738e-02
  -6.8512647e-01  -2.8931591e-01
  -4.6653095e-01   3.0518217e-01
   5.0558158e-01   1.5154826e+00
  -8.1879789e-02  -2.7834956e-01
   7.3902188e-01  -1.5273099e+00
  -1.1538839e+00   3.0940434e-01
  -1.3990943e+00   1.5000354e+00
  -4.1429880e-01   8.9339158e-01
   9.3335538e-01   7.5975132e-02
   1.5135319e+00  -1.1271685e+00
   7.0842719e-01   1.5051173e-01
   3.2845182e-02  -4.1463639e-01
   3.1295363e-02  -9.3431363e-01
  -2.8576423e-01   3.1200535e-01
   2.9126091e+00   7.7617313e-01
  -6.0277741e-01   3.6019704e-01
   7.4718824e-01  -1.5991853e-01
  -1.5490232e-03   1.3005142e+00
   8.5883090e-01  -4.4316546e-02
  -1.8570538e-01   7.3820796e-01
  -7.6782606e-01   8.1658805e-01
   2.3190370e+00   8.5610505e-02
   2.1510263e-01  -3.1656220e-01
   9.6495116e-01  -1.3803789e+00
   7.9685621e-01   4.8422120e-01
  -4.9574875e-01  -6.6489460e-01
   4.5069948e-01   6.6915150e-01
   3.5557292e-01   6.4722155e-01
   8.2831911e-01   1.7349923e-02
  -5.0101032e-01   5.6748186e-01
  -1.0606710e+00  -7.7952713e-01
   6.4645776e-01  -6.9929876e-01
  -1.2840910e+00  -1.3247093e+00
  -5.2219787e-01   5.7477558e-01
  -1.1213401e+00   1.2414602e+00
   1.1425617e-01   2.5096799e-02
  -6.9455918e-01   8.3928375e-01
  -1.2830039e-01  -6.4036096e-01
  -3.5359349e-01  -1.0108773e+00
   7.4636936e-01  -1.3860236e+00
  -7.1841684e-01  -7.4350724e-01
   1.3048567e+00   1.0386358e+00
  -1.3629186e+00  -5.6724631e-02
  -2.7287899e-01   3.0745497e-01
   9.2002866e-01  -4.8666101e-01
   1.1155495e+00   3.7744087e-01
  -2.7255745e-01  -2.4784386e-03
   1.0743636e+00  -4.3021748e-01
   4.7137235e-01  -1.3114168e+00
  -1.1330355e+00  -5.4505961e-01
  -2.1231511e+00  -9.9448836e-01
  -1.8292725e+00   1.6389504e+00
  -5.9351509e-01   4.9750108e-01
  -3.4338826e-01  -1.3329491e+00
  -2.9740159e-01   3.8877634e-01
   1.1269714e-01   1.2170590e+00
   2.4167104e-02   8.0014862e-02
  -1.9744966e+00   5.4398167e-01
   5.3109513e-01  -3.7079562e-01
   1.9832766e+00   6.7692259e-01
  -3.0258661e-01  -1.9854956e+00
   8.0411191e-01   5.1617131e-01
  -1.0317535e+00  -1.1520772e+00
   9.2192245e-01   2.5491496e-01
   1.4620046e+00   9.3959944e-01
  -2.2113062e-01  -9.0733085e-01
  -3.1884308e-01   2.7867161e-01
   2.7963796e-01   1.3673890e-01
   2.2250429e+00   1.5239200e-01
   5.2691138e-02   3.4076049e-01
   4.6342440e-01  -8.7825616e-01
  -1.6295290e+00   6.8520376e-02
   1.5803607e-01  -1.9387852e+00
  -1.8034740e+00  -6.1134463e-01
   1.0134627e+00  -2.9578291e-01
  -1.1581547e-01   7.5252318e-01
  -1.7668920e+00  -1.5000354e+00
  -9.3767430e-01  -6.3732148e-01
  -2.1664010e+00   8.4193030e-01
   1.8286938e-01   7.2283504e-01
   8.8694568e-01  -4.1531171e-01
   3.0648072e-01   6.0277741e-01
   3.3190900e-01   1.9092075e+00
   8.9108522e-01   6.4645776e-01
   5.1440236e-01  -8.2501495e-02
  -4.2410829e-01  -1.1611485e+00
   1.1029402e+00  -1.0688625e+00
   1.0116858e-01   1.9359105e-01
   3.0119824e+00   1.5019467e+00
   1.1839432e+00   7.3780118e-01
   5.4901749e-01   1.3504765e+00
  -5.7550663e-01  -1.1178613e+00
   3.0755567e+00   1.2009735e+00
   1.6883918e+00  -7.7533600e-01
  -9.4942624e-02   7.6160070e-01
  -1.4561326e-02  -9.1107785e-01
   1.9428596e+00   8.6197096e-01
   8.5346755e-01   3.9513261e-01
  -9.1625095e-01  -1.4183131e+00
   5.8136616e-01   2.7513058e-01
   2.4468699e-01   6.5795461e-01
   1.0644848e+00   7.0009021e-01
   1.0366005e-01  -9.6297907e-01
  -1.0655773e+00  -2.0272195e+00
  -2.4404860e-01   1.6570184e+00
   9.9296557e-01   1.0285935e+00
  -5.5478981e-01   1.2659332e+00
   1.6557969e+00   1.6085998e-01
  -4.8658502e-02   8.6963245e-01
  -9.0639609e-01  -7.8921915e-01
  -8.7689019e-01  -6.6967795e-02
  -1.0771007e-01   3.4078562e-03
   1.3298729e-01   2.1729221e+00
  -1.7877554e-01  -1.1858185e+00
   4.1193698e-01  -9.4976414e-01
  -4.1700084e-01  -3.6714772e-01
  -1.9015954e+00  -1.2048057e+00
   2.0433502e-01  -2.1415156e-01
  -1.3329491e+00  -2.1290900e+00
   4.9119981e-01   1.4040580e+00
   2.5811663e-01  -3.4043219e-01
  -1.7339235e+00  -2.4724154e-01
  -5.8393599e-01  -7.5416901e-01
   1.2268634e+00  -1.2947621e+00
   2.0105757e+00   7.3739453e-01
  -5.4254540e-01  -1.8475988e-01
  -3.5062693e-01  -1.6305724e-01
  -2.8866988e-01  -3.0648072e-01
   2.5406703e-02   2.4022035e-01
  -2.6837995e-01   1.9990196e+00
  -1.6731269e+00   2.1029343e+00
  -4.3634276e-01   5.8063263e-01
   2.3926384e-01   3.4395081e-02
  -1.7788228e+00   4.8840551e-01
   9.5122426e-01  -5.1935949e-01
   4.2682152e-01  -9.9499647e-01
  -8.5257605e-01   1.7894741e+00
  -1.1889533e+00  -5.8908725e-01
   8.5035024e-01   1.5485372e+00
   1.2367872e+00  -4.1362376e-01
   8.3972444e-01  -6.4112176e-01
   5.3502323e-01   1.7773176e+00
   2.9643029e-01  -1.0826768e+00
  -1.2763574e+00  -1.2583752e+00
   6.7342057e-01  -2.1688016e-02
  -2.3225605e-01  -3.2243069e-01
   1.4747517e+00   1.0088139e+00
   5.7034937e-02   1.0062406e+00
   1.8178366e+00   3.9848442e-01
   3.6185037e-01   1.5866349e-01
  -2.8963897e-01   4.8631229e-01
   7.5211204e-01  -1.8129447e-01
   3.5986649e-01   9.8841095e-01
   7.3495715e-01   8.0240089e-01
  -3.4733437e-01  -9.6498759e-02
   1.6974811e+00   1.4174666e+00
   1.0782338e+00   1.3795760e+00
   1.0910654e+00  -8.4055898e-02
  -9.7486847e-01   6.5334552e-01
   9.0406265e-01  -1.3974474e+00
   1.3420424e+00   4.0924058e-01
   2.3703283e-01   3.0420859e-01
   7.8162784e-01  -4.2343048e-01
  -1.3055828e+00   1.7552075e+00
   8.5704038e-01   3.2929135e-01
   1.2454873e+00  -4.5104243e-01
  -6.4112176e-01  -9.0080408e-01
   6.4378747e-01   1.2990722e+00
  -8.7916772e-01  -1.6556936e-01
  -5.4242376e-02   3.6875092e-02
  -1.1833190e+00  -1.1895817e+00
  -4.0924058e-01  -1.1952582e+00
   9.7039387e-01   9.7437033e-01
   6.5059406e-03  -7.5870562e-01
  -8.5213055e-01   2.4213403e-01
  -2.7738356e-01  -1.4602028e+00
   2.3424600e+00   8.5035024e-01
  -1.2374531e+00  -6.7926188e-01
   5.6930244e-01   9.6187514e-02
  -1.9428596e+00   9.3383440e-01
   2.7447277e+00   1.6473153e+00
  -4.0595538e-02  -7.2807481e-01
   6.2000601e-02   1.0521755e-01
  -5.7185444e-01   9.2667145e-01
   1.3344570e+00   4.1666292e-01
   4.2851888e-01  -1.0365129e+00
   1.3763737e+00   1.8791218e-01
   3.9312365e-01   2.4085815e-01
   1.2883418e+00  -5.5190135e-01
  -9.4491163e-01  -5.8687766e-01
   7.4146659e-01   2.3161955e-01
   2.1446856e-01  -1.2131699e+00
   6.6644117e-01   3.5524292e-01
   2.5651547e-01   3.5392330e-01
   2.3002871e-01   3.8110285e-01
  -6.9969443e-01  -2.5011735e-01
  -8.2657400e-01   1.4217094e+00
   2.2367111e-01  -2.5506350e+00
   3.5260429e-01  -9.8387674e-01
   5.6420953e-01  -9.7886234e-01
  -4.2455969e-02  -8.7871185e-01
  -1.2143133e-01   1.4065529e+00
   4.1835809e-02  -1.0694112e+00
  -8.0636473e-02  -1.6909745e+00
   7.7241029e-01  -9.5561684e-01
   2.0939910e-01   1.2481834e+00
  -1.7381176e+00   3.4437429e-01
   7.8415325e-01  -6.8747890e-01
  -7.4636936e-01   8.0026541e-01
   1.7909034e-01   4.9015150e-01
  -3.8110285e-01   5.0981061e-01
   1.0359829e+00   4.4761531e-01
  -5.7258427e-01  -5.3359388e-01
  -1.4299591e-01   5.2717520e-01
  -2.9190125e-01   5.7880017e-01
  -7.8626159e-01  -7.8288992e-01
  -1.3852145e+00  -8.2701004e-01
  -9.3075565e-02   8.4768482e-01
   1.1069332e+00   1.9201297e-01
  -4.3668353e-01   1.2892514e-01
   3.0031717e-01  -1.5154826e+00
   1.8570538e-01   4.4658820e-01
  -4.3872923e-01  -5.7331440e-01
   1.4433180e+00   3.8243575e-01
  -1.0191745e+00   1.4337277e+00
  -8.3313121e-01  -1.1238536e-01
   1.2784590e+00   8.9062452e-01
   1.1230846e+00   1.0170936e+00
  -9.6940215e-01  -3.4076049e-01
   3.9747841e-01   5.7514107e-01
   1.8034740e+00  -2.2617657e-02
  -1.2923754e-01   8.7144258e-01
   1.1120931e+00   6.6450821e-01
  -8.7325557e-01   5.0382216e-01
   2.4628340e-01   7.0683541e-01
  -1.6148769e-01   2.2594780e+00
   9.9923085e-02  -1.7133973e+00
   6.8004247e-01   1.3819871e+00
   2.1896416e+00   1.7910124e+00
  -6.0798693e-01  -1.3566713e+00
   1.2481834e+00   7.4309887e-01
  -3.5293399e-01   2.0571301e+00
   3.4601840e-01  -4.5550563e-01
   1.0338659e+00   4.8004534e-01
   8.6918036e-01   1.0150172e+00
   9.1672245e-01   2.2113062e-01
  -4.0755683e-01  -3.3354618e-01
  -1.8580875e+00   1.7053852e+00
   7.3374010e-01  -8.9385342e-01
   5.0522957e-01   7.2605716e-01
   1.2791608e+00  -2.8737818e-01
  -5.2646335e-01  -1.8003486e-01
  -1.1389417e+00   1.8546168e+00
  -1.0798974e+00   1.9449090e+00
   1.0181335e+00   7.7157559e-01
  -2.9416501e-01   8.1702053e-01
  -9.5366231e-01  -1.7153987e-01
   5.9795460e-01  -2.0781428e+00
   1.2549635e+00   7.9175970e-01
  -8.9477768e-01  -1.5822917e+00
  -9.4249370e-01   9.4588035e-01
   2.1411981e+00   7.1601281e-01
  -3.5656316e-01  -6.0538011e-01
   4.8038168e-02   9.8366431e-02
   6.8904931e-01   1.6077148e+00
   1.9034881e+00   1.4143114e-01
   8.5124006e-01  -1.9531892e+00
   4.1362376e-01  -4.3975277e-01
  -7.6201481e-01  -2.1504897e+00
   1.1864445e+00   5.8724573e-01
   1.1149725e+00  -5.0487762e-01
  -8.3488585e-01   4.1396125e-01
   1.3435688e+00  -2.4245307e-01
  -1.9990824e-01  -8.5525260e-01
   1.3165585e+00   5.8099936e-01
   4.8456956e-01  -5.3323671e-01
  -6.1995696e-01  -1.3673890e-01
   8.8098307e-02  -1.0793425e+00
  -1.3232208e+00  -1.2374531e+00
  -1.2190105e+00  -1.7499926e-01
   2.9125741e-02   7.6990779e-01
   2.7609597e-01  -6.2484518e-01
   6.3960054e-01   5.0910514e-01
   1.0771007e-01   8.4591122e-01
   1.6643995e+00   8.0582529e-01
   1.4393494e-01   1.1075050e+00
  -9.2714750e-01  -8.1572356e-01
  -2.7576096e-02   1.6283614e+00
  -6.4416866e-01   1.9072941e+00
   6.4569435e-01   6.2786075e-01
   4.8213222e-01  -8.1615573e-01
  -1.0391672e+00   1.0760203e+00
  -1.0439635e+00  -1.8178366e+00
  -1.1709310e+00   1.9208375e+00
   4.6101129e-01   9.8538589e-01
  -6.4794452e-02   4.2038269e-01
  -3.6648499e-01   9.4201078e-01
   1.7639482e+00   1.4371998e+00
  -8.1745316e-01  -1.6619290e+00
  -7.6242904e-01  -4.5688074e-01
  -3.7544555e-01   7.4964786e-01
  -6.7497600e-01  -1.1383493e+00
  -1.0871412e+00   1.8980445e-01
  -1.2073703e+00   1.7610197e+00
   1.4512645e+00   1.0804526e+00
  -1.1550359e-01   2.5052693e+00
   5.1450239e-02   3.8010362e-01
  -7.1881791e-01  -5.4218651e-01
  -1.0459452e-01  -1.1248326e+00
   5.8908725e-01  -1.5709505e-01
  -3.5015063e-02  -4.6135585e-01
   8.7962377e-01   2.5715586e-01
   1.8444475e-01   1.9138187e-01
   2.3547319e-02  -6.9574261e-01
   1.1190194e+00   6.1995696e-01
  -2.2105486e+00  -4.3089726e-01
  -1.5704861e+00   4.9364797e-01
   3.4404557e-01   2.2927542e-02
   2.5779635e-01  -1.3187728e+00
  -4.0991440e-01   2.7266175e-02
   5.2326335e-01  -8.4016528e-01
   1.6902524e-01  -1.2067284e+00
   7.1081823e-01   7.8120742e-01
   9.3575263e-01   1.0749155e+00
   4.4761531e-01  -5.8896890e-02
   1.3423761e-01   4.6238988e-01
  -1.5800687e-02  -6.1658148e-01
  -1.2892514e-01   1.7353182e+00
   2.3575850e-01  -1.0557900e+00
  -3.5590296e-01   1.5615416e-01
   1.0459452e-01   9.9611735e-02
   3.4733437e-01   1.4236996e-01
  -1.4988510e-01  -3.8076973e-01
   1.1383493e+00  -1.6054615e-01
  -1.3481668e+00   4.2376936e-01
  -6.9377076e-01  -5.8871879e-01
   1.1958913e+00   9.6791636e-01
  -9.6199443e-01  -1.1448879e+00
   8.8648667e-01  -5.2380905e-02
   3.6284285e-01  -1.1629743e+00
  -1.3637032e+00   2.2287406e+00
   1.0727099e+00   5.7294930e-01
   2.1504897e+00   1.2060870e+00
  -7.6285836e-02  -1.1997001e+00
  -3.0128960e-01  -1.4424407e+00
  -1.0062406e+00   1.6794398e+00
   1.0113939e+00  -4.9224866e-01
  -2.6934357e-01   5.1829618e-01
  -4.6170047e-01   6.6644117e-01
  -6.8591019e-01  -5.9980787e-01
   1.1508749e+00  -1.6858202e+00
  -8.8053643e-01   1.1678620e+00
  -2.2780251e-01   2.9610659e-01
  -5.9425420e-01   1.2475085e+00
  -1.0854645e+00   2.3671421e-01
   2.6516968e-01  -1.2111924e-01
   1.5009904e+00   1.5373318e+00
  -2.2634742e+00   6.4683961e-01
   3.7185109e-02   1.5822917e+00
   2.1890886e-01  -6.0426417e-01
  -7.5211204e-01  -6.9732203e-01
   1.1365744e+00  -5.3395112e-01
   1.0926823e-01  -4.8980218e-01
   3.6516001e-01  -1.1544870e+00
   1.0584986e+00  -1.2144642e+00
  -1.2986237e-01   7.7528724e-02
  -7.9898587e-01  -4.7622481e-01
   1.3084943e+00   4.4248446e-01
   6.5795461e-01  -1.1706312e-01
   1.6485197e+00   1.8822751e-01
  -4.8491799e-01   2.3352934e-01
   1.2275212e+00   1.4494907e+00
  -1.4830745e+00  -1.2990722e+00
  -7.4024369e-01   1.0272568e-01
  -7.8921915e-01   5.3824329e-01
   8.5614615e-01  -5.0030798e-01
  -3.1786536e-01  -7.6657861e-01
   1.4988510e-01  -7.0802907e-01
  -1.4566135e+00  -1.1958913e+00
   9.3671303e-01   2.0054040e-01
  -9.2453284e-02  -7.9685621e-01
  -4.0083335e-01   6.4226365e-01
  -9.6150245e-01   8.0947290e-02
   7.3800411e-02   1.1581142e+00
  -8.3752265e-01  -7.2484798e-01
   2.8511886e-01   4.8348333e-02
  -1.4611031e+00   2.3828417e+00
  -4.3566137e-01  -1.0590412e+00
   1.7465988e+00   1.4032283e+00
  -2.5747609e-01  -1.6948699e+00
   7.9048879e-01  -6.2931830e-02
   8.7552585e-01   6.5104617e-01
  -4.5035659e-01  -1.1161269e+00
  -1.3684289e+00  -1.5373318e+00
  -6.4264446e-01   4.4043538e-01
  -1.7248314e-01   5.2326335e-01
  -1.4174407e-01   1.6318708e+00
   1.7595610e+00   1.6996810e-01
   1.2624888e+00   8.2526683e-01
  -1.3291926e+00  -1.7773176e+00
  -1.1484752e+00   1.4720000e+00
  -1.5609873e+00   1.0899425e+00
  -2.2684877e-01  -2.7320056e-01
   4.3293782e-01  -1.0739847e-01
   1.4710852e+00   8.2222221e-01
   4.8178426e-01   4.6470843e-03
  -6.2786075e-01   1.2288385e+00
   1.7788228e+00   5.7221932e-01
   9.1208830e-02  -1.9877245e+00
   1.0563311e+00  -1.6606976e+00
   1.4503770e+00   2.6132095e-01
  -1.1737506e-01   9.6002793e-01
   3.0291094e-01  -5.1404877e-01
  -1.0584986e+00   5.4326340e-01
   7.4923761e-01   1.2673872e-01
   2.6100040e-01   2.4117708e-01
  -6.6798933e-01  -2.5124788e+00
   1.7353182e+00   7.9260769e-01
   6.9534802e-01  -6.9811239e-01
  -1.6557969e+00  -6.6026441e-01
  -1.3084943e+00  -7.1002076e-01
  -7.6325790e-01  -5.1016343e-01
  -9.6841138e-01   1.1612737e-01
  -6.3732148e-01   1.4581337e-01
   1.0272568e-01   8.1184085e-01
   1.0085719e-01   1.7508869e+00
  -2.1986091e-01   5.1900499e-01
   2.6581151e-01  -1.6283614e+00
  -3.7278746e-01  -9.7486847e-01
  -7.2686386e-01  -1.2805662e+00
  -3.5227464e-01   2.1231511e+00
  -1.1407213e+00   1.2468342e+00
   2.0275357e-01  -1.6437162e+00
   2.3329368e+00   4.5722466e-01
  -3.2145184e-01   7.7074142e-01
   2.8917179e+00   1.3668503e+00
   2.4053924e-01   4.5791264e-01
   1.5184196e+00  -9.8366431e-02
  -9.0546213e-01  -1.3551177e+00
   1.3755753e+00   1.5048241e+00
  -9.4201078e-01   4.8248023e-01
  -4.5481839e-01   1.0202166e+00
   4.6238988e-01  -4.7241122e-01
   2.6019492e+00   5.9647346e-01
  -1.0487839e+00   5.0347046e-01
  -8.2396106e-01  -1.0865820e+00
  -5.9869566e-01   2.2968212e+00
  -4.5825672e-01   8.9477768e-01
  -2.5052693e+00  -6.8199577e-01
   9.0266495e-01  -2.4776638e+00
   1.7803321e+00  -1.0743636e+00
   5.4434091e-01   4.6791309e-01
   8.9662849e-01   9.0359656e-01
   8.3745001e-02   8.6782517e-01
   2.6902233e-01  -9.7736281e-01
   6.6036324e-02  -6.4416866e-01
  -4.1193698e-01   1.1442915e+00
   3.7112749e-01  -2.5427027e+00
  -7.3049992e-01  -3.2112563e-01
   3.8376933e-01  -2.1001153e+00
  -1.9832821e-01   1.2686995e+00
   6.9732203e-01  -3.1753952e-01
  -1.7405559e-01   1.9832766e+00
  -1.4831876e-01  -1.8978302e+00
   2.4372945e-01   3.7843909e-01
   9.4631425e-02  -1.9347427e+00
   5.1016343e-01  -1.2611152e+00
   1.0525500e+00   7.5581689e-01
   9.9093876e-01   7.2247252e-02
  -5.8210001e-01   1.5960475e-01
  -1.5096476e+00  -2.6709551e-01
   1.6202500e+00  -3.2373630e-01
  -2.0243734e-01   6.6992679e-01
   3.7677560e-01   1.4629072e+00
   4.4487740e-01   2.8996206e-01
   1.7297597e+00   7.4732391e-02
  -1.1201790e+00   7.7217991e-02
  -1.1167047e+00   3.3125437e-01
  -4.1463639e-01   6.7536511e-01
  -1.4769233e-01  -7.5087938e-01
  -9.7786241e-01  -4.1936764e-01
   5.7733560e-01   6.6876401e-01
  -1.3077653e+00  -1.1306840e+00
  -5.0558158e-01  -1.2728673e+00
   1.0633936e+00  -6.6036324e-02
  -1.7228859e+00  -9.3287658e-01
   3.8877634e-01  -4.9574875e-01
   2.4277213e-01  -1.7688709e-01
   9.4394380e-01  -1.2209667e+00
   5.7441017e-01  -8.3745001e-02
   3.2929135e-01   1.7216870e-01
  -6.8708657e-01  -4.0352055e-01
   1.5082507e-01  -8.8099303e-01
   3.0615603e-01  -2.0433502e-01
  -1.4234138e+00   3.7943768e-01
   1.2904760e+00  -1.3924105e-01
   1.3736436e-01   2.2971061e-01
  -1.9247726e+00   2.4596407e-01
  -1.2548961e-01   5.4003462e-01
   1.9643282e-01   2.6112053e+00
  -5.1369523e-01  -7.1801588e-01
   4.0789349e-01   1.5364581e-01
  -6.1658148e-01   1.8615807e+00
   4.2241411e-01   1.8885823e-01
  -7.1481235e-01  -2.5811663e-01
   3.6875092e-02  -1.4539338e+00
   1.0202166e+00  -3.1786536e-01
  -1.3284435e+00   1.4115691e+00
  -2.3066498e-01   1.6111084e+00
   1.1359836e+00  -5.6414330e-02
  -8.2135372e-01  -4.9154937e-01
   3.0323531e-01  -1.0254437e+00
   9.4491163e-01   9.9958107e-01
   3.6714772e-01   6.6953910e-01
  -1.6420377e-02   2.5754449e+00
   1.4191607e+00   4.0318449e-01
   1.8721989e+00   1.2049509e-01
  -4.6929612e-01   8.9431546e-01
  -7.0694268e-02   1.1035095e+00
  -7.6574764e-01  -1.5364581e-01
  -4.6135585e-01  -8.5883090e-01
  -9.8689729e-01  -1.3892690e+00
  -6.3884048e-01   2.0749945e-01
  -5.3001375e-02   1.2904760e+00
   5.8586550e-02  -7.7868781e-01
   7.8150213e-02   1.4415644e+00
  -8.2091971e-01  -2.3639562e-01
   2.3034683e-01  -3.6383568e-01
   1.5057860e+00   1.1660258e+00
  -3.7245538e-01   9.1861049e-01
  -2.3828417e+00  -7.1761503e-01
  -2.4564476e-01   8.5079506e-01
   2.0082430e+00   5.5442850e-01
  -7.0802907e-01  -1.4566135e+00
   7.0445109e-01   9.7121279e-02
   1.4487409e-01  -9.9805054e-01
  -8.3225485e-01  -7.1601281e-01
  -4.2376936e-01  -1.6974811e+00
   9.3239798e-01  -1.2361218e+00
   9.2334496e-01   5.1687934e-01
  -9.3431363e-01  -1.4800553e-01
  -1.1318590e+00   2.0728034e+00
   6.2108370e-01   1.9580118e-01
  -2.7706162e-01  -5.8173305e-01
  -1.5568104e+00  -6.8551828e-01
   1.8854286e-01  -6.4226365e-01
  -7.8078714e-01   1.0972662e+00
   1.4285517e+00  -1.2054461e+00
  -8.7280205e-01  -4.8968676e-02
  -1.0905038e+00   1.2294979e+00
  -1.2424069e-01  -1.7311443e+00
   9.8841095e-01  -3.6747914e-01
  -1.6545780e+00  -1.2242374e+00
   2.8221615e-01   8.2812359e-02
   9.2381955e-01  -7.9218363e-01
  -4.0184071e-01   4.3429919e-01
  -7.9515508e-01  -9.6347174e-01
  -2.9578291e-01   1.1740112e+00
  -7.5416901e-01  -1.2736335e-01
  -3.6747914e-01  -3.8210246e-01
  -6.5680103e-01   7.4228248e-01
   4.2478631e-01  -1.1768701e-01
   7.1521239e-01   1.6871099e-01
   1.2203141e+00  -1.0223041e+00
  -1.8412964e-01  -2.0571301e+00
   1.0871412e+00  -6.8238674e-01
   2.8720173e+00   1.0450326e+00
  -4.4111820e-01   3.5689332e-01
   7.1601281e-01   8.3006674e-01
   1.3236220e-01   4.8526648e-01
   7.4732391e-02   1.3605696e+00
  -1.3798987e-01  -8.7325557e-01
   9.2905380e-01  -3.2929135e-01
   2.1536286e+00  -2.6132095e-01
   1.0595841e+00   4.0688366e-01
   2.1599707e+00   9.4927789e-01
  -4.8526648e-01  -6.7614364e-01
  -1.8129447e-01   9.9296557e-01
  -8.2501495e-02  -7.9388074e-01
  -2.1351049e+00   2.9934503e-01
   5.6566315e-01   1.3473985e+00
   8.9339158e-01  -5.4613818e-01
   1.6948699e+00  -2.3857210e-02
  -1.1207360e-01   5.8026599e-01
  -8.6286968e-01  -8.3225485e-01
   4.1531171e-01  -3.6814211e-01
  -1.3267474e-01  -6.7965213e-01
  -1.0983982e+00  -4.5584933e-01
   5.1900499e-01   5.7345248e-02
  -3.7145940e-01   4.4967095e-01
  -1.1990641e+00   1.1833190e+00
   6.5449648e-01   9.8036407e-01
  -1.1599335e+00   1.4098931e+00
   7.9388074e-01  -3.8443637e-01
   1.9580118e-01  -5.8210001e-01
   5.7003121e-01   1.1808269e+00
  -3.3583974e-01  -4.6170047e-01
   7.4187448e-01  -1.8546168e+00
   6.3808080e-01   4.2343048e-01
  -1.1300971e+00  -1.9169320e+00
   9.8942131e-01   1.3566713e+00
   1.1463018e-02   1.2919021e+00
   4.9715049e-01   8.2439616e-01
  -3.9479767e-01  -1.4268293e-01
  -2.7065968e+00  -2.0200179e+00
   2.7065968e+00   9.3863644e-01
   5.6724631e-02   1.9854956e+00
   8.0668287e-01   1.0196954e+00
  -7.7074142e-01  -6.9180162e-01
   3.5458303e-01  -1.3092239e+00
   1.4208588e+00   3.4470303e-01
  -6.3239483e-01   1.2143133e-01
   1.3798987e-01  -8.3434113e-02
   7.6035917e-01   4.5860085e-01
   8.4148880e-01  -5.7660378e-01
  -2.3990423e+00   4.8735863e-01
  -2.0890030e+00  -1.4251490e-02
   2.1686333e-03   7.3049992e-01
   6.1508352e-01  -1.0895658e-01
   3.9647280e-01  -8.1141020e-01
  -1.3497058e+00  -2.2939254e-01
  -3.4236020e+00   1.0821202e+00
  -3.2831031e-01  -8.0882942e-01
  -4.4282615e-01  -2.0082430e+00
   1.0882607e+00  -6.5104910e-02
  -8.5302171e-01  -7.1281387e-01
   1.9990196e+00   7.2646045e-01
  -2.1193315e-01   3.2602245e-01
  -7.9345625e-01  -3.2798337e-01
  -1.9390672e-01   1.0241424e-01
   1.4738332e+00  -5.8650968e-01
   2.4981878e+00   7.6118673e-01
   8.2613812e-01   1.0439635e+00
   4.8004534e-01   2.0808349e+00
   4.6480454e-01  -8.1356499e-01
  -1.1460820e+00   1.4775146e+00
   7.9643071e-01  -1.4363302e+00
  -2.8511886e-01   6.4951518e-01
   2.7480884e-01  -1.2618017e+00
  -6.3390909e-01   1.4784380e+00
  -6.1733098e-01   9.8337419e-01
   5.7258427e-01  -1.5184196e+00
  -4.7379718e-01   1.7339235e+00
   1.7508869e+00   1.1225027e+00
   5.7953292e-01  -4.1193698e-01
  -1.8160941e-01  -4.6653095e-01
   3.4634734e-01   4.4936773e-02
  -1.4191607e+00  -1.1259998e+00
   1.2125234e+00   9.8387674e-01
   1.4863200e-01  -6.9613730e-01
  -9.2953091e-01  -2.6035937e-01
   2.3672433e+00  -1.4049245e-01
   1.3232208e+00   4.9119981e-01
   8.0711188e-01  -8.6692259e-01
  -8.4679769e-01   1.4183131e+00
   6.7031458e-01   9.1530857e-01
   4.4043538e-01  -1.2082670e-02
  -1.3908973e+00   1.0191745e+00
  -2.4776638e+00   7.6367253e-01
   1.1448879e+00   9.8891600e-01
   7.1321333e-01   1.2174344e-01
   3.9613768e-01  -5.9721387e-01
   9.7238017e-01   3.1295363e-02
   1.3079971e-01  -9.7238017e-01
  -5.2753122e-01   7.4432437e-01
  -3.4010392e-01   2.5075669e-01
  -1.6769066e+00   1.7133973e+00
  -9.9923085e-02   8.0368394e-01
  -9.5757502e-01  -1.0498584e+00
  -9.9139067e-03   1.0957990e-01
   1.1057905e+00  -6.8669433e-01
  -7.1321333e-01   3.2569576e-01
   7.3983630e-01  -1.3613518e+00
   7.0048611e-01   1.5899207e+00
  -4.2614292e-01  -1.5897723e-01
  -5.5334500e-01  -3.4705070e-02
  -4.4350970e-01   1.3966253e+00
  -3.2079945e-01   5.0171291e-01
  -5.4003462e-01   4.1801490e-01
   1.3195123e+00   1.2522445e+00
   1.4098931e+00   6.7342057e-01
   6.0575226e-01  -5.1334177e-01
  -3.1546834e+00   1.7147434e+00
   2.6206908e+00   4.9259840e-01
  -2.0444445e+00   1.2961961e+00
  -1.3974474e+00  -3.5656316e-01
  -7.3800411e-02  -2.0180495e-01
  -3.3682324e-01  -1.5301888e-01
  -3.0680543e-01  -6.9771716e-01
   1.1430998e+00  -2.2907448e-01
   1.1472778e+00  -1.0536288e+00
   4.3259760e-01  -4.3804713e-01
   5.9240705e-01   1.5082507e-01
   1.2073703e+00   2.9772542e-01
  -8.5569929e-01  -3.1558518e-01
  -1.8098113e+00   4.9085032e-01
  -4.5688074e-01  -7.2868494e-02
  -5.2859969e-01  -2.2240069e-01
  -2.0465137e-01  -1.3202526e+00
  -8.7098978e-01   2.2840169e+00
  -2.0571301e+00  -7.9048879e-01
  -9.2381955e-01   1.2267982e-01
  -1.0590412e+00  -6.9101471e-01
  -3.7977063e-01  -1.3276952e+00
   7.6699429e-01   1.2549635e+00
  -1.3314442e+00  -2.3100135e+00
  -7.4555099e-01  -6.5028048e-01
  -1.3389990e+00  -1.1771025e+00
  -1.6871099e-01  -2.1890886e-01
   3.9078188e-01   4.1767683e-01
  -5.5226216e-01   1.9169320e+00
  -1.4023996e+00   4.4214282e-01
  -9.8740159e-01  -4.3566137e-01
  -1.6485197e+00  -1.0995316e+00
  -7.0326044e-01  -3.0485761e-01
   9.1530857e-01  -4.4864290e-01
  -2.2621305e-01  -9.4104559e-01
   3.6681633e-01   9.9144508e-01
   1.1248326e+00   9.9652234e-01
   2.0844918e-01   2.0528413e-01
  -2.9435679e-02  -1.1265840e+00
  -1.7720178e-01   1.8392688e+00
   7.9393282e-02   6.9337672e-01
  -8.1442796e-01   8.6286968e-01
   4.8700979e-01   8.3708278e-01
   1.0052132e+00   8.2788260e-01
  -4.5619308e-01   5.5262303e-01
