   2.2797180e+02   1.0000000e+00
   2.4568740e+02   1.0000000e+00
   1.9064250e+02   0.0000000e+00
   2.1118860e+02   0.0000000e+00
   2.3250060e+02   1.0000000e+00
   2.5298010e+02   0.0000000e+00
   1.1238750e+02   0.0000000e+00
   2.8081900e+02   0.0000000e+00
   2.1884760e+02   0.0000000e+00
   1.7076240e+02   0.0000000e+00
   1.8271710e+02   0.0000000e+00
   2.1548430e+02   0.0000000e+00
   1.7415900e+02   0.0000000e+00
   2.0892420e+02   0.0000000e+00
   1.8871110e+02   1.0000000e+00
   2.4132520e+02   0.0000000e+00
   2.5491150e+02   0.0000000e+00
   2.5024950e+02   1.0000000e+00
   2.6959680e+02   0.0000000e+00
   1.4402250e+02   3.0000000e+00
   2.4801850e+02   0.0000000e+00
   2.5417890e+02   2.0000000e+00
   2.7712260e+02   1.0000000e+00
   1.8105210e+02   1.0000000e+00
   2.6273700e+02   0.0000000e+00
   2.0892420e+02   0.0000000e+00
   2.4758560e+02   0.0000000e+00
   2.8454850e+02   0.0000000e+00
   2.1238740e+02   0.0000000e+00
   2.4948360e+02   0.0000000e+00
   2.4655320e+02   1.0000000e+00
   1.3689630e+02   0.0000000e+00
   2.4838470e+02   1.0000000e+00
   2.3263380e+02   0.0000000e+00
   2.1208770e+02   0.0000000e+00
   2.2683960e+02   0.0000000e+00
   1.9450530e+02   1.0000000e+00
   1.7802180e+02   1.0000000e+00
   3.2171130e+02   0.0000000e+00
   1.3343310e+02   1.0000000e+00
   2.0166480e+02   1.0000000e+00
   1.4655330e+02   6.0000000e+00
   2.5844130e+02   0.0000000e+00
   2.8544760e+02   0.0000000e+00
   2.1525120e+02   0.0000000e+00
   2.2117860e+02   0.0000000e+00
   2.8045260e+02   0.0000000e+00
   2.8834470e+02   0.0000000e+00
   2.7355960e+02   1.0000000e+00
   2.4162480e+02   0.0000000e+00
   2.1371940e+02   2.0000000e+00
   2.3233410e+02   0.0000000e+00
   2.6839810e+02   0.0000000e+00
   2.7765550e+02   0.0000000e+00
   2.7322650e+02   0.0000000e+00
   2.9763540e+02   0.0000000e+00
   1.6823160e+02   0.0000000e+00
