   1.6661727e+00   0.0000000e+00
  -7.3563111e-02   1.0000000e+00
  -3.6787967e-01   1.0000000e+00
   6.5999154e-01   0.0000000e+00
   1.4571980e+00   3.0000000e+00
  -4.1802898e-01   1.0000000e+00
  -9.8612032e-01   1.0000000e+00
   1.0116020e+00   0.0000000e+00
  -7.0888626e-01   3.0000000e+00
  -1.2288293e+00   1.0000000e+00
  -2.3819688e-01   1.0000000e+00
  -5.9406426e-01   5.0000000e+00
   3.3496125e-01   0.0000000e+00
   6.0331930e-01   0.0000000e+00
   1.0923225e+00   0.0000000e+00
   8.9001694e-01   0.0000000e+00
  -1.7316644e+00   1.0000000e+00
   4.2648691e-01   2.0000000e+00
  -5.2173931e-01   2.0000000e+00
   2.7819301e-01   0.0000000e+00
  -1.9392645e+00   2.0000000e+00
   9.9878009e-01   0.0000000e+00
  -6.2198669e-01   0.0000000e+00
   2.6023304e+00   0.0000000e+00
  -5.6659753e-01   1.0000000e+00
  -2.0647518e-01   2.0000000e+00
   4.2563637e-02   0.0000000e+00
  -2.2230807e-01   1.0000000e+00
  -1.1241568e-01   0.0000000e+00
   1.1808701e+00   1.0000000e+00
  -1.7495994e-01   0.0000000e+00
   3.6787967e-01   0.0000000e+00
