   7.7157559e-01  -5.5298398e-01
   4.6797556e-02  -4.8038168e-02
   1.2926161e+00   5.2380905e-02
   2.4436779e-01  -3.5920551e-01
  -2.0654990e-01  -2.8815807e-02
   1.2673151e+00  -5.9869566e-01
  -2.1567888e+00   1.1463018e-02
  -9.7786241e-01  -5.7345248e-02
   1.9138187e-01   1.0804526e+00
  -1.9959220e-01   2.4912293e+00
  -9.7886234e-01   1.4784380e+00
  -1.4149331e+00  -2.0338609e-01
  -1.9658663e+00   5.7623799e-01
  -4.5860085e-01  -1.1629743e+00
   1.0628484e+00   8.6782517e-01
  -3.2604522e+00   1.8019009e+00
   4.0419281e-01  -1.2548961e-01
  -3.8143601e-01  -1.0144987e+00
  -1.3668503e+00   6.1658148e-01
  -2.5203570e-01   7.5293444e-01
   2.2069966e+00   2.2494190e-01
   4.0016200e-01  -5.1334177e-01
   9.9448836e-01  -1.8003323e+00
  -1.0612149e+00   1.3070371e+00
   1.0397153e-01  -1.3684289e+00
   3.7677560e-01  -3.8343587e-01
   4.9189899e-01  -4.1666292e-01
  -5.7880017e-01   7.6285836e-02
  -7.8331089e-01   1.9967402e+00
  -8.1875196e-01  -5.3180872e-01
  -1.4675278e-01   5.6130586e-01
  -5.1192854e-01  -5.9906632e-01
  -3.5788402e-01   4.5104243e-01
  -3.2961843e-01  -2.9190125e-01
  -4.8282831e-01   1.9518923e-02
  -1.9453813e-01  -2.5075669e-01
  -1.0727099e+00   1.3267474e-01
   2.7583766e+00   8.3006674e-01
   7.1321333e-01   7.2868494e-02
  -5.0030798e-01   1.4415644e+00
   6.8043292e-01  -1.7216870e-01
  -1.2642642e-01  -6.0873249e-01
  -7.3576912e-01   1.8259807e+00
   2.1862485e+00   3.4236020e+00
  -1.5855500e+00  -1.2374531e+00
  -4.9154937e-01  -1.1939934e+00
  -9.6445779e-01  -1.3779731e+00
   3.4996812e-01   3.4700532e-01
   9.6643270e-01   7.2042337e-01
  -2.2968212e+00  -7.6201481e-01
  -1.6961741e+00   8.6062418e-01
   6.7303196e-01  -1.4143114e-01
  -1.5801288e+00  -7.0088211e-01
   7.1361292e-01   1.1172828e+00
   1.9485386e-01  -5.9351509e-01
  -4.8805649e-01  -7.8162784e-01
  -1.0023445e-01  -2.5427495e-01
   1.3359679e+00  -6.0835967e-01
   3.3354618e-01   1.2414602e+00
  -5.2468491e-01   5.6711797e-01
   1.7188004e+00  -1.2073703e+00
  -7.0009021e-01   4.6860449e-01
   6.3353039e-01  -1.4015719e+00
  -9.0873448e-01  -2.3862629e-01
  -2.8511886e-01  -6.3277326e-01
   9.8186802e-01   7.8837343e-01
   1.8227085e+00   6.3998070e-01
   1.4143114e-01   2.9126091e+00
  -1.4802888e+00   1.3084943e+00
   1.3486286e-01   3.0980500e-03
  -7.1601281e-01  -3.0875442e-01
   9.0592901e-01   1.6088439e+00
  -8.8098307e-02   1.6631630e+00
   3.7245538e-01  -6.1545788e-01
   1.3652751e+00  -3.4395081e-02
  -7.2868494e-02  -7.7533600e-01
  -2.2716666e-01  -1.5154826e+00
   3.9881984e-01   2.2756843e+00
   6.1209172e-01   1.2288385e+00
  -5.6058068e-01  -2.5811663e-01
  -2.5349274e+00  -1.6896817e+00
   1.5678140e-01   4.1497402e-01
   1.1365744e+00   1.1768701e-01
  -1.3955388e-01   4.8108851e-01
  -5.5949346e-01   9.6051921e-01
  -6.6026441e-01  -6.7186676e-01
  -8.9292993e-01  -5.5117995e-01
   1.1178613e+00   4.5867145e-02
   7.2847870e-01   4.8248023e-01
  -6.8199577e-01   1.4894525e-01
  -1.9788675e+00   8.0111916e-01
  -1.4720000e+00  -2.0129195e+00
  -1.0601274e+00   4.9504825e-01
  -1.6619290e+00  -6.8630221e-01
  -8.9709167e-01   1.5363226e+00
  -1.9552803e+00   3.0680543e-01
  -1.9828788e-02   3.3387372e-01
  -7.4732391e-02  -6.4226365e-01
   1.0041868e+00  -4.2309164e-01
   2.3282534e+00   7.7324553e-01
   1.0207380e+00   6.6798933e-01
   9.2381955e-01   1.1277535e+00
   6.7926188e-01  -3.5029751e-01
  -1.1678620e+00   9.3431363e-01
  -1.7437013e-01   2.3473024e+00
   9.9703149e-01   2.6581151e-01
  -8.9200720e-01   2.2555177e+00
   1.2693926e+00  -1.8588281e-03
   1.7566549e+00   1.2138168e+00
   8.8924355e-01  -1.0223041e+00
   1.1611485e+00   5.1157539e-01
  -1.0765732e+00   5.5985580e-01
   4.7206487e-01  -5.8982442e-01
  -2.3352934e-01  -5.2646335e-01
   6.0538011e-01   6.7458699e-01
  -5.2691138e-02  -2.0758393e-02
   3.7511315e-01   7.5870562e-01
  -8.6017560e-01   6.9613730e-01
   7.8246909e-01   9.3048575e-01
  -1.5641379e+00  -1.2604293e+00
   4.5550563e-01   1.1789626e+00
  -9.8588944e-01   5.6166856e-01
  -7.9813357e-01   1.2742615e+00
   3.8643853e-01  -6.8121414e-01
   1.2143133e-01   1.1502743e+00
  -1.6283614e+00   1.0899425e+00
   8.1184085e-01   4.6204515e-01
   2.1896416e+00   2.3161955e-01
   1.8359163e+00   1.2770573e+00
  -1.2060870e+00   6.0138304e-02
   1.6545780e+00  -4.9855320e-01
  -6.2710632e-01   1.4612650e-01
   4.5207160e-01   2.2287406e+00
  -3.4010392e-01  -9.5659547e-01
  -1.7848844e+00   5.4326340e-01
  -5.5478981e-01  -1.2826792e+00
   4.0991440e-01   3.3289120e-01
   1.3306929e+00   4.3975277e-01
  -1.0196954e+00  -1.5323016e+00
  -9.8337419e-01   2.7931581e-01
   1.2954788e+00   2.4819992e-01
  -3.1233062e-01  -2.5491496e-01
   3.5425315e-01   8.1918520e-01
  -9.7586547e-01  -3.4240257e-01
  -1.4017958e-01  -1.5736841e+00
   7.6824214e-01   1.7659775e-02
  -8.1097969e-01   1.8775882e+00
  -9.2142157e-02   1.3143507e+00
   1.1544870e+00  -6.0947839e-01
  -1.7972000e-01  -1.6248720e+00
   6.7186676e-01   2.5171591e-01
  -4.1869117e-01   4.1261155e-01
  -4.9015150e-01  -8.7476306e-02
  -1.5176519e-01   4.4626657e-02
   1.4620046e+00  -1.3673890e-01
  -4.0385666e-01   2.8770106e-01
  -2.3161955e-01   6.8747890e-01
   1.5403686e+00  -6.8157519e-03
   2.0890030e+00   7.2283504e-01
   5.8173305e-01  -1.4234138e+00
   3.6255068e-02  -5.7623799e-01
  -1.9138187e-01   2.5619532e-01
   7.3414566e-01   1.2693926e+00
   8.0240089e-01   9.9195165e-01
   5.7034937e-02  -3.8010362e-01
  -3.1656220e-01  -5.6639041e-01
   6.8199577e-01   9.9754088e-01
  -6.0761427e-01  -2.5107641e-01
  -1.1611485e+00   1.3017480e-01
   1.3512480e+00   7.6367253e-01
  -6.8520376e-02   1.7833629e+00
  -2.1193315e-01  -2.2798308e+00
  -8.5124006e-01   1.2721711e+00
   2.2081316e-01   1.0072691e+00
  -5.4829723e-01   9.4394380e-01
  -9.0266495e-01  -1.5768983e+00
  -7.0524542e-01  -9.0266495e-01
  -7.6118673e-01  -1.4831876e-01
  -2.9222455e-01  -2.0494792e+00
   7.2868494e-02   1.1648039e+00
   7.3489765e-02  -1.6122437e+00
   1.3481668e+00   5.1450239e-02
  -3.6317375e-01  -9.2905380e-01
  -9.9139067e-03   2.6998612e-01
  -5.5226216e-01  -2.8802397e-01
  -1.0699601e+00  -4.6470843e-03
  -2.0718291e-01   4.9119981e-01
  -1.6180157e-01   2.5395498e-01
   7.3130924e-01   1.4424407e+00
  -5.8761387e-01   1.0584061e-01
   7.8626159e-01   2.1536286e+00
  -6.4913267e-01  -1.6713997e-01
   2.2141288e+00   5.4290437e-01
   9.3911783e-01   1.0826768e+00
  -2.9093152e-01   8.4591122e-01
  -3.6350469e-01  -2.6420713e-01
  -2.8802397e-01   1.1115183e+00
  -9.1342623e-01   7.3374010e-01
  -3.3846312e-01   1.6180157e-01
  -1.8409528e+00  -8.5346755e-01
  -9.9347291e-01   1.6473153e+00
  -2.1763976e-01   9.1831039e-02
  -7.9515508e-01   3.8410283e-01
  -1.1040792e+00  -1.8192438e-01
   8.9200720e-01  -1.4656223e+00
   3.1623649e-01  -3.6648499e-01
  -2.2303585e-01   6.1321300e-01
   8.3006674e-01   6.2937067e-01
   4.2817931e-01   8.9339158e-01
  -1.0482471e+00   7.9218363e-01
  -1.3736436e-01   1.4530429e+00
   1.8426421e+00   4.4350970e-01
   7.8583964e-01   5.3824329e-01
   1.6713997e-01   6.6721505e-01
  -5.9203786e-01  -6.4264446e-01
   5.5765100e-03  -1.8003486e-01
   2.2939254e-01   3.4338826e-01
  -6.0686922e-01  -1.9723253e+00
   1.4512645e+00   6.6605438e-01
   1.2624888e+00   2.6356557e-01
   8.6421907e-01  -3.4338826e-01
   1.3830264e-01  -6.1620686e-01
   9.0173412e-01   3.5161544e-01
   3.4371690e-01   1.1407213e+00
   6.2522182e-01   1.0396989e+00
   4.1531171e-01   6.7926188e-01
   5.6857398e-01   6.8512647e-01
   5.3287961e-01  -1.3982704e+00
   1.3925292e+00   9.8387674e-01
   9.7836225e-01  -5.9277631e-01
   2.6611931e+00   1.0343947e+00
  -6.7419808e-01   1.8668635e+00
   2.6324482e-01  -2.5754449e+00
  -1.7451765e+00  -3.2634919e-01
  -2.8815807e-02   6.2446864e-01
  -3.3775112e-02  -1.7683696e+00
   1.1184401e+00  -1.2707806e+00
  -9.5512786e-01  -5.5695920e-01
   9.3479308e-01   1.4393494e-01
   1.4236996e-01  -3.4568951e-01
  -6.9101471e-01   7.7528724e-02
  -1.0088139e+00  -9.7039387e-01
  -6.5564832e-01  -8.4990559e-01
   6.3390909e-01  -1.1977935e+00
  -1.3173716e-01   1.5223560e+00
  -4.1328631e-01   4.2648219e-01
  -6.2333953e-01   8.8008001e-01
  -8.2812359e-02   1.6065877e+00
  -2.7191445e-01  -3.0550676e-01
  -1.0423621e+00   2.0686640e-01
   6.3466676e-01  -2.3547319e-02
   1.8602058e-01   8.5257605e-01
   2.2400203e+00   5.9610338e-01
  -8.4679769e-01   1.6449135e+00
   1.6819837e+00  -9.2619561e-01
  -3.0615603e-01  -1.3209935e+00
  -3.1428296e-01  -1.7625774e-01
   2.0138654e-02   1.7405559e-01
  -1.0428956e+00  -1.1920998e+00
   2.5651547e-01  -1.2475085e+00
   3.0980451e-04  -1.6845386e+00
  -1.1051496e-01  -7.4105883e-01
  -7.7451901e-03   5.0241574e-01
   3.2031069e+00   1.4023996e+00
   1.6354004e+00   1.4285517e+00
   7.1801588e-01  -3.1070458e-01
  -7.1002076e-01   3.9278898e-01
   1.6431317e-01   5.2824346e-01
   1.0093293e+00   7.9704068e-02
   1.6065877e+00   1.1839432e+00
   5.2895597e-01  -6.1283916e-01
   1.6260329e+00   9.3959944e-01
   1.9390672e-01   4.9609910e-01
   1.1808269e+00   1.3958042e+00
  -7.6824214e-01  -8.0014862e-02
  -1.8848598e+00   1.0052132e+00
   7.3576912e-01  -3.5945062e-02
   2.0754657e+00  -2.5651547e-01
   3.0258661e-01  -1.1407213e+00
  -2.5427027e+00  -7.9133592e-01
   3.8610473e-01   3.8143601e-01
   1.1581547e-01  -6.1770586e-01
  -7.7826836e-01  -2.5506350e+00
   1.3269476e+00   9.9550484e-01
   1.7147434e+00   4.2987766e-01
   1.7941017e+00   2.5779635e-01
   2.2367111e-01   1.6839675e-01
   1.0787880e+00   6.7575433e-01
  -9.8437954e-01  -8.8556921e-01
  -2.2927542e-02  -2.6112053e+00
  -4.6929612e-01   3.8010362e-01
   5.0241574e-01  -1.6922701e+00
  -5.3931788e-01  -7.0484820e-01
  -8.6782517e-01  -5.3931788e-01
  -1.0381046e+00  -1.1207360e-01
  -3.0031717e-01   7.1881791e-01
   1.1132438e+00  -4.2580369e-01
   7.9855965e-01  -3.6416670e-01
   1.2481834e+00   2.3098315e-01
   2.7127156e-01   1.0085719e-01
  -1.7788228e+00  -1.5485372e+00
   1.2341289e+00   3.4930945e-01
   1.0359829e+00   3.0713018e-01
  -5.9019313e-01   2.1034921e-01
   2.5555509e-01   1.9201297e-01
   2.3352934e-01  -1.3631821e-02
   1.2099428e+00   1.5458633e-01
  -1.0270173e+00  -6.7848170e-01
   5.0804741e-01   1.3582282e+00
  -2.8720173e+00  -1.1550359e-01
   6.2145945e-01  -4.2145887e-02
  -7.4228248e-01  -1.3291926e+00
   1.0077838e+00  -1.1997001e+00
   2.8124911e-01  -2.4372945e-01
   1.4259781e+00   5.7880017e-01
  -1.8633359e+00  -2.3098315e-01
   3.9479767e-01  -5.6275710e-01
  -1.0057268e+00   1.1425617e-01
   1.5991853e-01   2.6549058e-01
  -2.2715765e+00   2.7963796e-01
   2.5171591e-01  -1.4080533e-01
   5.5081936e-01   2.4394976e+00
  -1.3367245e+00   1.9944710e+00
  -5.6348317e-01  -4.4932821e-01
  -5.0276725e-01  -9.1861049e-01
   1.1097961e+00  -3.3715114e-01
  -5.7003121e-01   5.8650968e-01
  -9.5953689e-01  -1.3142467e-01
   4.1294891e-01  -4.1328631e-01
   1.8822751e-01   7.7217991e-02
   8.4768482e-01  -1.3580082e-01
   7.0048611e-01   3.3223636e-01
  -5.4649785e-01   3.4108883e-01
  -3.1623649e-01  -1.3262008e+00
   2.8479622e-01  -1.1383493e+00
   4.6273467e-01   4.5207160e-01
   1.3005142e+00  -1.0509341e+00
   6.4112176e-01  -1.1359836e+00
  -3.3092711e-01  -4.9434799e-01
  -2.2780251e-01  -3.5623304e-01
   9.2571998e-01  -1.5019841e-01
   7.0127822e-01  -1.0471744e+00
  -1.4415644e+00  -8.5168522e-01
  -2.4022035e-01  -9.3671303e-01
   9.4320234e-02  -5.2077816e-01
  -1.3389990e+00   8.0411191e-01
   2.5427495e-01  -1.5029045e+00
   4.6964201e-01  -6.8826389e-01
  -5.9980787e-01  -5.9832509e-01
   1.5673041e+00   4.6238988e-01
   1.9287376e+00   7.2605716e-01
  -5.9795460e-01  -1.1023712e+00
  -5.1652529e-01  -8.6152186e-01
  -1.9092075e+00  -1.7297597e+00
  -1.2374531e+00   1.6961741e+00
   1.3026824e+00   1.6032185e+00
   7.6865835e-01  -2.1383458e-01
  -3.1851714e-01   2.7545235e-01
  -2.4564476e-01   2.0370238e-01
  -8.6692259e-01   4.1767683e-01
   1.4015719e+00  -6.2446864e-01
   1.0661241e+00   8.6602071e-01
  -5.4577859e-01  -1.4981295e+00
  -6.7731221e-01  -2.0728034e+00
   9.2144869e-01  -1.1466797e+00
   4.2173678e-01  -1.4477214e+00
  -7.0962220e-01   2.4564476e-01
  -3.9078188e-01   7.8626159e-01
   8.8878360e-01   1.2798803e-01
  -4.0890374e-01   3.2634919e-01
   2.2617657e-02  -1.3195123e+00
   2.3828417e+00   7.1626038e-02
   5.5551265e-01  -5.6711797e-01
   5.0065912e-01   6.5372908e-01
  -1.2892514e-01  -9.0406265e-01
  -6.1097121e-01  -8.8970368e-01
  -6.4483999e-02   1.1330355e+00
  -1.6342216e+00   1.5086801e+00
   1.4784380e+00   5.8356864e-01
  -9.7039387e-01  -3.5590296e-01
   1.0113939e+00  -5.2504047e-01
  -8.5213055e-01  -8.8008001e-01
  -3.9546759e-01   1.2961961e+00
   2.4158981e+00  -1.7877554e-01
  -9.7138654e-01   6.9022823e-01
   1.6965380e-01  -9.8942131e-01
  -1.8665104e-01   1.5029045e+00
   1.6242937e-01  -1.5910182e+00
   5.7185444e-01   2.7030744e-01
   1.3099542e+00   1.6494123e-01
  -1.5154826e+00  -1.2673872e-01
  -7.3455134e-01   6.3239483e-01
   6.0448673e-02   1.0716090e+00
   5.5298398e-01   8.6466922e-01
  -2.3543998e-01  -7.0962220e-01
  -1.4988510e-01   3.5788402e-01
   6.0426417e-01   1.3150859e+00
  -5.0593365e-01  -2.2144810e-01
  -7.4065120e-01  -3.3813507e-01
  -1.2833848e+00   3.5689332e-01
   4.8178426e-01   4.1835809e-02
  -6.4173553e-02  -9.4942624e-02
  -2.3066498e-01  -1.4389424e+00
   6.1845588e-01   1.2151121e+00
   1.5373318e+00  -1.1046493e+00
   2.7352216e-01  -2.1351049e+00
  -9.9398051e-01   1.7188004e+00
   2.9966904e-01  -2.6516968e-01
   4.2648219e-01   1.8822751e-01
  -9.7743836e-02   1.1641936e+00
  -1.3811825e+00   1.4268293e-01
  -1.8580875e+00   7.4105883e-01
   1.1289245e+00  -6.5725846e-02
   3.8710626e-01   3.5524292e-01
   3.0422346e+00  -4.3021748e-01
   1.9295976e-01   1.9990824e-01
   1.4550026e-01   7.1002076e-01
  -1.2301579e+00  -3.4799258e-01
  -1.7864101e+00  -8.9987481e-01
   1.2267982e-01  -1.2542828e+00
  -1.4692594e+00   1.0503961e+00
  -3.9949083e-01  -1.3314442e+00
  -1.9347427e+00  -6.5641670e-01
   9.1813817e-01  -1.1984286e+00
   6.7653306e-01   7.8288992e-01
  -3.1363204e-01   9.3575263e-01
  -1.2508885e+00  -1.9516961e-01
   1.0072691e+00   3.5920551e-01
  -5.6239418e-01  -5.1086928e-01
   7.4732391e-02  -6.2333953e-01
  -1.6987911e+00   1.0849063e+00
  -3.2602245e-01   2.4022035e-01
  -4.0285480e-02  -9.8891600e-01
   7.2565398e-01   1.0595841e+00
   9.7387243e-01   8.8373652e-01
   5.5732101e-01  -4.6797556e-02
   6.0985147e-01  -1.8997094e+00
  -1.4362191e-01   1.1006663e+00
  -7.9345625e-01  -7.5622918e-01
   1.2611152e+00   1.6996810e-01
  -1.3798987e-01   2.1001153e+00
   1.5599405e+00   1.3239647e+00
   2.2438444e+00   7.8331089e-01
   2.7320056e-01  -4.5246892e-02
  -4.6032232e-01  -8.0797035e-01
  -7.5746682e-01   8.7325557e-01
   6.9850774e-01   1.2334657e+00
   8.3796268e-01   4.2817931e-01
  -5.8982442e-01  -5.9795460e-01
   9.6989789e-01   4.2309164e-01
  -7.6285836e-02  -2.8673251e-01
   2.1098272e-01   5.2184285e-01
  -1.3202526e+00  -9.3144144e-01
   1.9828788e-02   4.2766055e-02
  -1.3605696e+00   5.0839992e-01
  -1.8412964e-01  -1.2580187e-01
  -7.4473312e-01  -1.4398153e+00
  -1.9611699e-01   5.7965888e-02
   3.4667631e-01  -1.3236220e-01
   1.3708033e+00   1.7248314e-01
  -3.2112563e-01   1.3041312e+00
  -4.9504825e-01   3.1884308e-01
  -5.2788731e-01   1.5333045e+00
   1.9228013e+00   2.2907448e-01
  -9.9601346e-01  -1.4040580e+00
  -1.2826792e+00   1.9485386e-01
   1.5866398e+00  -7.4353767e-03
   7.2122679e-01  -8.8236394e-01
  -1.1532813e+00   8.7825616e-01
   2.4581332e+00  -7.0694268e-02
   2.4102031e+00   1.0233495e+00
  -1.2475085e+00  -3.3387372e-01
   1.6168060e+00   1.0514725e+00
  -7.0167444e-01  -3.4536064e-01
  -9.8086514e-01  -1.6330450e+00
   0.0000000e+00   6.3863113e-02
  -1.9209061e-02  -8.6557004e-01
   4.6411436e-01  -9.3527275e-01
  -9.3623272e-01  -1.1394434e-01
  -1.2041657e+00  -1.8633359e+00
  -3.9446278e-01  -1.1353932e+00
   1.2174344e-01  -4.9504825e-01
  -1.1727778e+00  -1.1519172e-01
   1.3660623e+00   8.3708278e-01
  -1.8114071e+00  -7.1601281e-01
   2.8350595e-01   5.7916651e-01
  -1.4268349e+00  -4.1261155e-01
   1.9877245e+00   3.0096542e-01
  -8.4946110e-01  -5.4182769e-01
  -7.7910740e-01   1.5485372e+00
   5.1440236e-01   2.9384153e-01
  -1.0950065e+00   6.2108370e-01
   1.2138168e+00   6.1733098e-01
  -1.0871412e+00   1.0186539e+00
   6.8316900e-01   8.9987481e-01
   2.5491496e-01   1.3026824e+00
  -2.4912293e+00  -7.5994559e-01
  -1.9967402e+00  -1.9367600e+00
   1.1581142e+00   5.9943705e-01
  -1.8130074e+00   5.4434091e-01
   8.1258116e-02  -1.0466385e+00
  -9.5904608e-01  -1.3041312e+00
  -9.3386718e-02  -1.5641379e+00
   2.0036100e+00   4.8422120e-01
  -4.0486525e-01   2.0272195e+00
   5.5587418e-01  -3.4865094e-01
  -1.1502743e+00   4.3395877e-01
  -6.5488033e-01  -4.5275798e-01
  -5.6748186e-01   2.6947160e+00
   6.5603246e-01   8.5213055e-01
  -3.9211977e-01   5.9795460e-01
   5.4757727e-01   6.8121414e-01
   7.9813357e-01  -3.5062693e-01
  -4.1902938e-01  -1.3676392e+00
  -6.5680103e-01  -3.8744019e-01
  -3.7805153e-02  -2.1954353e-01
  -9.7536685e-01  -6.0575226e-01
  -6.3656253e-01  -9.5561684e-01
  -1.4132491e+00  -7.7032454e-01
  -1.3026824e+00  -1.1902105e+00
  -6.3466676e-01   6.5795461e-01
  -3.4503182e-01   1.4512645e+00
   1.4896195e+00   2.3639562e-01
   3.7843909e-01   1.2112321e+00
  -1.5233438e+00  -1.7395225e+00
   1.5458633e-01   5.1687934e-01
   1.3941649e+00   8.5704038e-01
   3.8243575e-01   1.6902524e-01
   5.5876902e-01   5.7034937e-02
  -3.6714772e-01   1.2048057e+00
  -6.1396095e-01  -6.3390909e-01
   1.6935685e+00  -4.2072114e-01
  -6.6876401e-01  -5.3716932e-01
  -1.5800687e-02  -3.9613768e-01
   9.4009053e-02   2.3329368e+00
   1.0804526e+00   8.5614615e-01
  -6.5104617e-01   1.0655773e+00
  -4.4385154e-01  -1.9744966e+00
  -9.9195165e-01   1.4602028e+00
  -8.8190679e-01  -1.4406893e+00
  -1.6214022e+00  -1.3497058e+00
   6.1246540e-01  -1.1562987e+00
   6.1134463e-01   1.8381455e-01
  -1.4057203e+00  -1.2003366e+00
  -9.8740159e-01  -8.8924355e-01
   3.1525957e-01  -8.4458276e-01
  -6.3580395e-01   3.3059989e-01
  -3.0485761e-01   5.5081936e-01
  -2.3424600e+00  -6.2899306e-01
   1.1833190e+00   9.4249370e-01
   1.8885333e+00   2.0971578e-01
  -2.3894505e-01   4.1936764e-01
  -4.7102617e-01   2.7255745e-01
   8.9987481e-01   2.8189377e-01
  -1.4575091e+00  -2.3257434e-01
   7.7074142e-01  -8.3137913e-01
  -1.1383493e+00   5.3109513e-01
   1.7654182e+00  -2.1161632e-01
  -3.8710626e-01  -1.3481668e+00
   1.6718723e+00  -5.1935949e-01
   2.2208314e-01  -2.0152743e+00
   3.5458303e-01  -3.6980025e-01
  -9.0126900e-01  -1.6043395e+00
   3.9665376e-02  -2.0844918e-01
   8.0454004e-01   7.8964222e-01
  -5.0487762e-01  -4.3634276e-01
  -7.2484798e-01   1.0694112e+00
  -1.1178613e+00   1.2542828e+00
  -2.6832038e+00  -9.6187514e-02
   1.3055828e+00  -5.0663799e-01
   1.8948903e-01  -1.5403686e+00
  -1.3466309e+00  -1.1080773e+00
   2.9125473e-01  -1.2756582e+00
   5.4505961e-01   1.2177090e+00
   1.0428302e-01  -2.0059211e+00
   3.2145184e-01  -1.1172828e+00
  -4.8004534e-01  -1.1575086e+00
   9.2619561e-01   1.5552698e-01
   3.4470303e-01  -2.8917179e+00
  -9.3075565e-02   7.8078714e-01
  -8.9570270e-01   1.1709310e+00
  -4.8631229e-01  -5.7660378e-01
  -7.6367253e-01  -7.4759786e-01
  -1.4090566e+00  -2.4912293e+00
  -1.7160926e+00   1.1538839e+00
   1.7537636e+00   4.2139819e-01
   3.4799258e-01   9.4830604e-01
   2.1573678e-01  -5.0945784e-01
  -1.3884563e+00  -1.3455023e-01
   1.0955709e+00  -6.2183529e-01
   8.2005215e-01  -4.3566137e-01
  -3.4865094e-01   4.0150488e-01
  -5.4793722e-01   7.7952713e-01
   4.7414382e-01  -9.9703149e-01
  -4.6998797e-01  -7.5252318e-01
   7.6596547e-02  -1.0000918e+00
   1.1195990e+00  -7.6118673e-01
   7.2203068e-01   8.4016528e-01
  -5.6711797e-01  -5.9093078e-01
  -4.8770753e-01   2.2843845e-01
  -4.5825672e-01   7.1255640e-03
  -2.4309121e-01  -2.0973129e+00
   3.5260429e-01  -7.1201527e-01
   6.8434316e-01   8.1658805e-01
  -2.7030744e-01   1.7610197e+00
   1.0860231e+00   4.0385666e-01
  -1.0217818e+00  -5.5732101e-01
  -9.2239641e-01  -2.5273023e+00
  -5.1723345e-01  -1.3819871e+00
   1.1902105e+00  -6.3050406e-01
   2.5779635e-01  -7.1281387e-01
   2.9481208e-01   3.2308343e-01
   1.9408184e+00  -8.9653460e-02
   1.0062406e+00   4.6791309e-01
   5.9166875e-01   1.7468469e-01
   1.1213401e+00  -3.7544555e-01
   4.6204515e-01  -6.6450821e-01
   1.4638111e+00  -2.6228277e-01
  -1.9706453e-01  -1.7349923e-02
  -1.7566549e+00  -1.3352121e+00
  -2.4181503e-01  -5.2290812e-01
   4.3076145e-02   2.1896416e+00
   1.1508749e+00   2.6741658e-01
  -3.5656316e-01   6.8004247e-01
  -4.2682152e-01  -7.9855965e-01
   7.7952713e-01  -9.2714750e-01
   1.5145180e-01   3.7411618e-01
   1.7728258e+00   1.8539019e-01
   4.6101129e-01  -9.0826641e-01
  -7.0326044e-01   1.6337120e-01
  -1.1401277e+00   4.7068004e-01
  -1.1569034e+00   9.4442761e-01
   3.4898018e-01  -1.7405559e-01
  -1.6295290e+00   6.7264346e-01
  -1.2495348e+00   9.2144869e-01
  -1.3830264e-01   9.2334496e-01
   2.0320796e+00   5.8430342e-01
  -1.7941017e+00   7.7491763e-01
  -1.0708688e-01  -1.9390672e-01
  -3.2831031e-01  -1.0798974e+00
  -9.2429435e-01  -1.7925549e+00
  -6.1379812e-02   2.2438444e+00
   2.9578291e-01   9.5610604e-01
  -7.1761503e-01   1.6485197e+00
   3.1884308e-01  -8.0839981e-01
  -4.4693052e-01   4.6307951e-01
  -3.0291094e-01   2.5052693e+00
  -8.7689019e-01  -6.6992679e-01
   1.5048241e+00   1.3392501e-01
   3.5359349e-01  -4.7206487e-01
  -1.1184401e+00   4.4556157e-01
   1.6365814e+00   6.2311005e-02
  -2.2081316e-01   1.2847978e+00
   1.2847978e+00  -6.1658148e-01
   2.2756843e+00  -2.1129951e-01
   5.6966679e-01  -2.7770553e-01
  -1.2407910e+00  -2.6452795e-01
  -1.8381455e-01   1.4424797e-01
   1.6668801e+00   1.3676392e+00
   1.5454619e+00   2.7802753e-01
  -5.1475602e-01   9.5025062e-01
  -3.3977568e-01  -2.1290900e+00
   5.4862908e-02  -6.0314897e-01
  -2.0059211e+00   1.4251223e+00
   4.5688074e-01  -1.3017480e-01
   1.6111084e+00   3.0420859e-01
  -2.9586545e+00   1.0459452e-01
  -1.2570088e+00  -1.0705094e+00
  -5.1617131e-01   5.3621865e-02
  -2.3575850e-01   5.2895597e-01
  -3.9044751e-01  -8.6062418e-01
  -1.2542828e+00  -1.4775146e+00
  -2.9999309e-01  -7.4882749e-01
   5.9056191e-01  -4.6929612e-01
  -1.3005142e+00  -7.9430538e-01
   3.2732959e-01   3.7977063e-01
   8.2483141e-01   1.3861543e-01
   9.8366431e-02  -2.6388633e-01
   9.8677742e-02  -1.6933951e-01
  -8.7370927e-01   1.1132438e+00
   6.1283916e-01   3.0031717e-01
   5.5483461e-02   1.2580187e-01
   4.2885850e-01  -6.2786075e-01
   5.2184285e-01  -8.2396106e-01
   8.7871185e-01   1.1826953e+00
  -1.5715503e+00   8.2091971e-01
  -2.1986091e-01   9.9601346e-01
   9.6791636e-01   7.1041944e-01
   1.8757857e+00  -3.0161380e-01
   1.3443331e+00   1.8223936e-01
   6.3012617e-01  -1.0396989e+00
  -3.2308343e-01  -1.2367872e+00
  -1.3795760e+00   1.0639390e+00
   3.3420130e-01   2.0419465e+00
   4.4521946e-01  -1.3005142e+00
   8.6062418e-01   4.8631229e-01
   7.6160070e-01   7.4800761e-01
   7.5746682e-01  -8.1258116e-02
  -9.2287059e-01   9.0873448e-01
  -7.3800411e-02  -1.3582282e+00
  -9.1719415e-01   3.9915531e-01
   1.8922324e+00   1.1514759e+00
   1.0633936e+00   3.5491296e-01
  -3.7810630e-01  -9.4249370e-01
   6.6876401e-01  -4.2444728e-01
  -8.0539673e-01   8.0925917e-01
   9.5268641e-01   1.1466797e+00
  -5.7076027e-01   5.5334500e-01
  -1.3267474e-01   7.6990779e-01
  -1.5424011e+00  -1.0270173e+00
   9.6248663e-01   6.7225506e-01
   9.7238017e-01   4.3157725e-01
  -8.8327881e-01   3.6218116e-01
   1.0623036e+00   8.9477768e-01
   1.2597440e+00   4.5516198e-01
  -3.5689332e-01  -7.0445109e-01
  -1.5293020e+00   9.7188324e-01
  -3.8410283e-01  -2.3798883e-01
   1.8146125e+00   1.3180340e+00
   2.4645394e+00   1.0259680e+00
   6.9337672e-01   8.6017560e-01
  -2.0444445e+00   5.2646335e-01
   7.6699429e-01   5.5515119e-01
   6.9022823e-01  -1.4548259e+00
   5.7441017e-01  -1.6545780e+00
  -5.3538074e-01   1.0821202e+00
  -1.8721989e+00   1.4468385e+00
  -5.0699025e-01   4.9995690e-01
   2.1599707e+00   5.0487762e-01
  -1.8349948e-01   2.1231511e+00
   6.8630221e-01  -9.9144508e-01
   1.6781718e+00   2.1256687e-01
   1.2833848e+00   2.4784386e-03
  -1.1772843e-02   6.2899306e-01
  -2.4724154e-01  -8.1529154e-01
   1.4674384e+00  -8.9200720e-01
  -5.5370610e-01  -2.0013096e+00
   6.4378747e-01   1.0455676e+00
   4.1215666e-02   4.8945293e-01
  -1.1768701e-01  -9.2810023e-01
  -1.3512480e+00  -1.4561326e-02
  -1.5164601e+00  -7.8795078e-01
  -1.5383425e+00  -1.8392688e+00
  -6.0798693e-01  -1.3520204e+00
   9.5565050e-02  -2.3237429e-02
   6.7536511e-01  -3.7411618e-01
  -7.9685621e-01  -5.1475602e-01
  -1.4512645e+00   1.1977935e+00
  -1.4886806e+00   6.1808082e-01
   1.2054461e+00   8.1615573e-01
  -6.9140811e-01   6.0240592e-01
  -1.9264414e-01  -9.1248627e-01
  -2.5459494e-01  -7.9704068e-02
   2.0876580e-01  -1.7339235e+00
   1.1236669e+00  -1.2407910e+00
   1.2536028e+00   7.1962041e-01
   1.4149331e+00  -1.4354616e+00
  -9.2453284e-02  -5.7112492e-01
   6.6644117e-01  -1.7342655e-01
  -1.5413841e+00  -9.1955573e-01
  -2.0623343e-01   3.3518426e-01
  -5.4434091e-01   2.8720173e+00
  -4.3702436e-01   1.8848598e+00
  -1.6718723e+00  -5.9129972e-01
   7.5540472e-01  -1.4503770e+00
   2.8917179e+00   5.1086928e-01
  -1.0459452e-01  -5.9019313e-01
   1.4962290e+00   1.9106635e-01
   7.0802907e-01   6.1508352e-01
  -1.3034064e+00  -1.2016110e+00
  -1.0077838e+00   1.4251490e-02
   8.4679769e-01   4.7241122e-01
  -1.0312261e+00   1.0217818e+00
   1.0482471e+00  -7.3983630e-01
   1.3489359e+00   6.5756999e-01
  -2.1256687e-01   7.7868781e-01
   1.6133812e+00  -9.6498759e-02
   1.2235822e+00   9.5366231e-01
  -2.0248073e+00   7.1361292e-01
  -6.6489460e-01   1.1814493e+00
  -3.1546834e+00   4.4932821e-01
   4.1429880e-01   5.2432942e-01
   1.7283784e+00   1.1454848e+00
  -2.9675403e-01  -5.5768291e-01
  -3.1753952e-01  -3.2831031e-01
   2.8028233e-01  -6.3163825e-01
  -3.1819123e-01   1.8409528e+00
   9.6841138e-01  -6.6605438e-01
  -4.2309164e-01  -2.3571557e+00
  -2.9384153e-01   3.4174563e-01
   6.0835967e-01  -8.0625401e-01
  -2.8286099e-01   3.4568951e-01
  -1.1514759e+00  -4.3804713e-01
  -1.0455676e+00   1.2183595e+00
  -4.5275798e-01   6.7342057e-01
  -1.0477106e+00   2.5406703e-02
   1.2216198e+00   4.4006440e-02
  -5.7733560e-01   1.8997094e+00
  -1.2105872e+00  -7.8710590e-01
   1.2954995e-01  -4.3498018e-01
  -4.8596363e-01   3.5425315e-01
   5.7039570e-01  -4.6411436e-01
  -3.4437429e-01   6.5257868e-01
  -1.0343947e+00  -8.3532492e-01
   1.5932188e+00  -1.7160926e+00
  -1.4933884e+00  -2.7223593e-01
   9.5073733e-01   1.1519172e-01
  -1.1248326e+00  -8.1875196e-01
   8.5302171e-01   7.5499269e-01
