  -1.3070371e+00   1.4550026e-01
   1.2016110e+00  -2.7384379e-01
  -1.9367600e+00  -1.1236669e+00
   1.2798632e+00  -1.6368517e-01
   6.9534802e-01  -6.9811239e-01
   1.1977935e+00   7.0073123e-02
   1.9075085e-01  -1.0530893e+00
  -1.2022490e+00   2.1172861e+00
  -8.7416314e-01  -1.7311206e-01
   1.4057203e+00  -1.9801226e-01
  -5.4757727e-01  -5.3001375e-02
   3.8010362e-01  -6.8160490e-01
   4.6653095e-01  -3.0745497e-01
  -6.2070803e-01  -2.1573678e-01
  -7.3902188e-01  -1.1277535e+00
   1.6756441e+00   4.7483725e-01
   1.3236220e-01   4.8526648e-01
   8.4104746e-01   1.9643282e-01
   5.7345248e-02  -3.1819123e-01
   1.2954788e+00   1.2381196e+00
  -5.5876902e-01   1.2714756e+00
   2.6549058e-01  -6.5987920e-01
   6.7653306e-01   4.8143636e-01
   1.7941017e+00   1.1496742e+00
   3.9680795e-01  -8.6466922e-01
   1.7185428e-01  -4.2376936e-01
  -9.2002866e-01  -3.0985408e-02
   2.5715586e-01  -5.1140026e-02
  -6.6346808e-02  -8.2265669e-01
   1.4638111e+00   7.7115844e-01
   9.6445779e-01  -5.4362250e-01
   1.1839432e+00   7.3780118e-01
   2.7159299e-01   6.3998070e-01
  -5.0910514e-01  -1.0428956e+00
   8.6197096e-01   7.0723318e-01
  -2.4394976e+00  -1.6110531e-02
   1.9766774e+00   1.0617591e+00
   2.7447277e+00   1.6473153e+00
  -1.2570088e+00   1.0396989e+00
  -1.9864418e-01  -1.6643995e+00
  -1.3298729e-01  -2.6164153e-01
   1.4191607e+00   4.0318449e-01
   4.2478631e-01  -1.1768701e-01
  -1.4675278e-01  -7.4636936e-01
   4.6342440e-01  -8.7825616e-01
  -3.9312365e-01   7.4514199e-01
   5.4937772e-01   4.1564944e-01
   1.7409308e+00   3.2031069e+00
  -8.7165318e-02  -5.2691138e-02
  -9.3000822e-01   2.1762176e+00
   3.2275704e-01  -4.1497402e-01
   6.2559854e-01   3.3616754e-01
   5.1617131e-01  -7.4024369e-01
  -1.6420377e-02   2.5754449e+00
   5.3145189e-01   2.0272195e+00
  -3.6875092e-02  -1.7531386e-01
  -8.2091971e-01  -2.3639562e-01
   1.7468469e-01   4.2648219e-01
  -1.2041657e+00   5.5406726e-01
   8.8740488e-01  -8.6107294e-01
   2.2925113e+00   5.5117995e-01
   6.1134463e-01  -1.1395345e+00
   1.1394434e-01   4.5688074e-01
  -3.4667631e-01  -4.0251251e-01
   1.6461132e+00   9.5317425e-01
  -6.0724170e-01  -1.9138187e-01
   3.0323531e-01  -1.0254437e+00
  -4.1092548e-01   7.8331089e-01
  -2.3225605e-01  -3.2243069e-01
   3.0615603e-01  -2.0433502e-01
   6.6412191e-01  -1.2976328e+00
   6.0761427e-01   6.9101471e-01
   1.1300971e+00  -4.5310125e-01
  -5.8063263e-01   1.5552698e-01
   4.4282615e-01   2.1922618e-01
  -8.9844516e-03  -1.0333374e+00
  -1.3642620e-01   2.3571557e+00
  -7.4432437e-01  -1.0407633e+00
   1.1178613e+00   1.9518923e-02
   3.3485657e-01  -7.4269061e-01
  -3.8076973e-01   8.9031373e-02
  -1.3236220e-01   2.8608696e-01
   4.1193698e-01  -9.4976414e-01
   1.1318590e+00  -1.0223727e-02
  -7.7910740e-01  -1.1052197e+00
  -4.9960588e-01   1.8443366e+00
  -1.0391672e+00   1.0760203e+00
   9.3623272e-01  -4.5653688e-01
  -8.1313373e-01  -1.3329985e-01
  -5.3323671e-01  -1.8227085e+00
   4.2580369e-01  -4.2145887e-02
  -8.4591122e-01   1.1265840e+00
  -5.4146894e-01   1.7657240e-01
   4.1733881e-01  -2.6805880e-01
  -1.9828788e-02  -1.5174391e+00
  -1.3128824e+00   3.7577800e-01
  -6.2559854e-01  -2.7315718e+00
   1.1143959e+00  -4.6032232e-01
   4.9750108e-01  -1.1666374e+00
   5.6203133e-01  -6.4483999e-02
  -3.4273110e-01  -1.3236220e-01
   1.9367600e+00   3.7544555e-01
   1.0843484e+00  -8.9653460e-02
  -1.7215209e+00  -5.3252258e-01
   3.9011319e-01   5.0209419e-02
  -1.0514725e+00   1.0983982e+00
  -4.0318449e-01  -1.1126682e+00
   1.2686995e+00   8.5614615e-01
  -1.3224777e+00  -2.9707779e-01
  -1.4925852e-01   1.4957180e-01
   6.4683961e-01   7.7533600e-01
   1.4647161e+00  -1.1870710e+00
  -1.2666238e+00  -8.5704038e-01
   7.2686386e-01   1.5270543e-01
   4.1598722e-01  -7.4732391e-02
   8.9108522e-01   6.4645776e-01
   6.9455918e-01   1.2328031e+00
  -1.7566549e+00  -1.6043395e+00
   1.4217094e+00  -1.9580118e-01
   2.0465137e-01  -5.9019313e-01
   2.2589523e-01   1.0428302e-01
  -5.3145189e-01   2.3575850e-01
  -1.0272568e-01   2.0082430e+00
  -3.7145940e-01   4.4967095e-01
   1.0062406e+00  -1.4217094e+00
   3.5986649e-01   9.8841095e-01
   6.2409218e-01   2.6741658e-01
   1.5239200e-01  -1.4330890e-01
   4.1025138e-01  -7.6035917e-01
   6.0910540e-01  -1.5694237e+00
  -1.2770573e+00   1.6365814e+00
   4.8735863e-01   6.9653210e-01
   2.2034721e+00  -2.8576423e-01
   8.9292993e-01   4.4282615e-01
   4.1666292e-01  -1.2118775e+00
   1.3314442e+00   1.5897723e-01
   6.3315178e-01   5.8945580e-01
   1.1219212e+00  -9.0897738e-02
  -1.2334657e+00   5.9943705e-01
  -1.3798987e-01  -8.7325557e-01
  -1.1914696e+00  -8.8098307e-02
  -1.2092989e+00   2.6292411e-01
  -7.2484798e-01  -8.5921451e-02
  -1.9307316e+00  -3.6615368e-01
  -2.1288377e-01  -4.4487740e-01
  -5.1334177e-01   1.8633580e-01
   2.6611931e+00   4.3600204e-01
   1.1902105e+00   1.6054615e-01
  -1.4886806e+00  -6.3353039e-01
  -2.9348545e+00   4.4626657e-02
  -9.2192245e-01  -8.6602071e-01
  -1.3955388e-01   2.3543998e-01
  -2.9125473e-01  -2.1541969e-01
  -3.3649537e-01  -2.1351762e-01
   4.4214282e-01  -5.9314566e-01
   9.0639609e-01   5.0487762e-01
   1.1082666e-01  -1.9307316e+00
   1.5505955e+00  -5.2681924e-01
  -1.4406893e+00  -1.2330413e-01
   5.3038181e-01  -5.0875250e-01
   1.4115691e+00   7.4636936e-01
   1.7683696e+00   1.1697021e+00
   1.3070371e+00   4.7796055e-01
   4.3386239e-02   1.8633359e+00
   4.0587425e-01  -3.5392330e-01
   2.5683565e-01   9.4976414e-01
  -3.3944749e-01  -5.2667010e-03
   2.3607705e-01   1.2018304e-01
   5.2788731e-01   1.1020326e-01
  -4.9399795e-01  -9.9043269e-01
  -3.3027270e-01  -2.1637102e-01
  -1.3990943e+00   1.5000354e+00
  -1.2235822e+00  -1.6295290e+00
   1.4065529e+00   3.9379313e-01
   1.9485386e-01   2.0465137e-01
  -2.3935720e+00   1.4157766e+00
   3.1126891e+00   3.6549120e-01
   6.1171813e-01  -5.2539609e-01
   1.2833848e+00  -3.5359349e-01
  -1.6933951e-01  -5.6893818e-01
   7.4187448e-01  -1.8546168e+00
  -1.5106166e+00  -1.3428052e+00
   8.9431546e-01  -7.1881791e-01
  -2.6947160e+00   4.6618556e-01
   2.8931591e-01   8.7962377e-01
  -2.3735148e-01  -1.5243331e+00
   4.8108851e-01   4.0520153e-01
   1.1777221e+00   1.4468385e+00
   8.0325664e-02   6.5641670e-01
  -5.7112492e-01  -1.6065877e+00
  -5.7221932e-01  -2.4275289e+00
   1.0098451e+00  -2.4628340e-01
  -1.0328091e+00  -8.5346755e-01
   1.0482471e+00   1.8570538e-01
  -5.4398167e-01  -2.1700535e-01
  -1.7783123e-01   3.6383568e-01
  -3.4395081e-02   2.7223593e-01
  -4.8491799e-01   2.3352934e-01
  -9.2857691e-01  -3.7345174e-01
   7.0524542e-01  -2.9287125e-01
   2.5779635e-01  -1.3187728e+00
  -2.5349274e+00   5.4505961e-01
  -7.9813357e-01  -1.1984286e+00
  -2.9837317e-01  -3.1298127e-01
   1.5694237e+00   3.2961843e-01
  -8.5927896e-01   3.7245538e-01
  -1.9896016e-01  -3.4536064e-01
   1.0238726e+00  -6.7848170e-01
   3.9848442e-01   5.8908725e-01
   1.2862135e+00   8.4724117e-01
  -2.4979771e-01   3.1884308e-01
  -4.9224866e-01  -3.2765646e-01
   1.3504765e+00   4.5241476e-01
  -1.4720000e+00   7.6325790e-01
   4.5172849e-01  -8.7598045e-01
   1.9295976e-01  -6.4264446e-01
  -3.7977063e-01  -1.3276952e+00
  -1.3389990e+00  -1.1771025e+00
   1.0487839e+00  -7.9898587e-01
  -1.5181004e-02  -1.0381046e+00
  -2.3775777e+00  -4.5963357e-01
   1.3955388e-01   7.1121713e-01
  -1.3517550e-01   1.4007451e+00
   1.4737913e-01   1.3382401e+00
  -1.0031615e+00   2.5843694e-01
   5.3252258e-01  -1.0402310e+00
   8.5079506e-01   1.2508885e+00
   2.9837317e-01   5.3502323e-01
  -1.9130555e+00   1.0860231e+00
  -7.5499269e-01  -7.9430538e-01
   4.1531171e-01  -3.6814211e-01
   7.7826836e-01   9.9923085e-02
  -1.5740870e-01   5.2184285e-01
  -7.9345625e-01  -3.2798337e-01
   4.7657184e-01   1.1952582e+00
   1.9359105e-01  -4.0217659e-01
  -2.4372945e-01   1.2954788e+00
  -2.1057701e+00  -4.0520153e-01
  -1.1758646e+00  -2.3703283e-01
   2.8124911e-01   4.6797556e-02
   9.8992687e-01   6.9180162e-01
  -4.3361841e-01  -1.4638111e+00
  -1.0843484e+00  -1.1063617e+00
   6.2522182e-01  -4.8456956e-01
  -3.4437429e-01   1.7728258e+00
  -1.0170936e+00  -9.7287735e-01
   7.2969107e-01   8.0636473e-02
   6.7899324e-02   2.6484880e-01
   8.6782517e-01   2.1001153e+00
  -1.6043395e+00   9.4249370e-01
  -7.6285836e-02  -1.1997001e+00
   1.3763737e+00   1.8791218e-01
   6.3088203e-01   1.7311443e+00
  -9.5659547e-01   7.7910740e-01
  -1.3121493e+00  -8.1961860e-01
  -1.0644848e+00   7.0383692e-02
  -8.5213055e-01   2.4213403e-01
  -3.4996812e-01  -1.1833190e+00
   1.6909745e+00  -5.7587227e-01
  -6.0947839e-01  -2.8815807e-02
   1.3254547e+00  -8.2048585e-01
  -3.8911049e-01  -5.3430842e-01
   1.1709310e+00  -4.3736523e-01
  -7.1921910e-01  -1.0815640e+00
   3.3551198e-01  -2.8505875e-02
  -2.6516968e-01   1.2604293e+00
   1.3884563e+00   1.7311206e-01
   3.6847366e-01  -5.0558158e-01
  -8.5079506e-01   1.1046493e+00
  -1.1768701e-01   4.2546452e-01
  -1.7242542e+00   1.9511066e+00
   1.0031615e+00  -5.2148788e-01
  -1.1820721e+00  -1.3299424e+00
   1.2073703e+00   2.9772542e-01
   1.2986237e-01   2.7315718e+00
  -5.3430842e-01  -8.5610505e-02
   3.7176627e-03   9.2453284e-02
   1.0280678e+00   1.1145011e-01
  -1.6556936e-01  -1.0186539e+00
   1.3291926e+00  -2.9435679e-02
   7.0683541e-01   1.9264414e-01
   3.3354618e-01  -4.3872923e-01
  -2.7266175e-02   8.7461720e-01
  -1.4933884e+00   1.1876980e+00
   1.6832598e+00   6.5488033e-01
   6.4302537e-01  -3.1126891e+00
   1.4602028e+00  -3.6549120e-01
  -1.9111280e+00  -5.5117995e-01
   1.2517736e-01   1.2556446e+00
   2.3384772e-01  -4.4009405e-01
  -1.9428596e+00   9.3383440e-01
   4.2851888e-01  -1.0365129e+00
  -1.9944710e+00   2.7065968e+00
   2.6645346e-01   2.3424600e+00
   8.2962959e-01  -1.7879400e+00
   5.6414330e-02   7.7994700e-01
   6.8082348e-01   6.7965213e-01
   5.2575178e-01  -1.3291926e+00
  -8.8832384e-01  -4.5275798e-01
   5.9056191e-01  -5.4577859e-01
  -2.6837995e-01   1.9990196e+00
   2.3066498e-01   6.1958156e-01
  -1.6509357e+00   7.1561254e-01
  -7.1441242e-01  -5.9610338e-01
  -1.0683142e+00   4.1058841e-01
   8.4768482e-01  -1.1508749e+00
  -1.2151121e+00  -7.1841684e-01
  -6.7809177e-01   1.0938788e+00
  -5.7331440e-01   1.6461132e+00
  -6.0612450e-01   2.6019492e+00
   4.1970594e-01  -6.1508352e-01
  -5.4434091e-01   5.7806773e-01
  -3.8210246e-01   8.3137913e-01
   6.4569435e-01   6.2786075e-01
   2.3257434e-01   5.0452574e-01
  -7.0088211e-01  -1.1359836e+00
  -2.8576423e-01   3.1200535e-01
  -2.2303585e-01  -1.8460365e+00
   1.7562847e-01   4.1902938e-01
   2.8092682e-01  -5.1122230e-01
  -6.1171813e-01  -6.6992679e-01
   6.4798571e-01   8.9570270e-01
   1.3566713e+00   9.4056332e-01
   4.8422120e-01   2.0059211e+00
   1.2374531e+00   9.5366231e-01
  -1.3705163e-01  -1.8130074e+00
  -3.3452892e-01   2.6324482e-01
   9.6297907e-01   3.1102972e-01
   8.9339158e-01  -5.4613818e-01
  -6.4416866e-01   1.9072941e+00
   1.0471744e+00   2.0085651e-01
   9.5855550e-01   9.3000822e-01
   1.4784380e+00   1.2138168e+00
   2.8705533e-01  -4.7345061e-01
  -1.5184196e+00  -2.6581151e-01
   1.5395930e-01   1.2933308e+00
  -1.0533548e-02   1.4925852e-01
  -9.6643270e-01  -7.4555099e-01
   5.5262303e-01   1.2262061e+00
   1.1097961e+00   1.0228266e+00
  -1.0077838e+00   6.1171813e-01
   1.5243331e+00   5.6094323e-01
   6.4150229e-01  -1.1155495e+00
  -2.2525966e-01  -7.9728185e-01
  -2.4149604e-01  -5.1475602e-01
  -1.3767711e-01  -8.8465249e-01
   1.9594884e+00   1.0547088e+00
   2.3130134e-01   1.4459567e+00
   6.3846060e-01   1.8034740e+00
   8.9709167e-01   3.7977063e-01
   7.7449940e-01  -2.6870113e-01
   1.3708033e+00  -4.8945293e-01
   7.4391574e-01   5.8577394e-01
  -4.9609910e-01   5.0734257e-01
  -3.6019704e-01  -2.2555177e+00
   1.6271961e+00   7.1002076e-01
  -3.5325059e-02   6.7380927e-01
  -1.4040580e+00  -4.8282831e-01
  -1.6643995e+00   1.7624820e+00
  -7.5416901e-01  -1.2736335e-01
   2.5107641e-01   1.1230846e+00
   1.2666238e+00   8.8282128e-01
  -3.8944468e-01   1.1746285e+00
   6.6334962e-01  -1.2049509e-01
   4.7587784e-01  -2.4915852e-01
  -1.4251490e-02   1.5323016e+00
  -9.0897738e-02   1.4863200e-01
  -2.5139614e-01  -2.2515924e+00
   7.8246909e-01   3.1525957e-01
  -5.0875250e-01  -1.4354616e+00
   2.0138654e-02  -1.6570184e+00
   1.1242495e+00  -9.4008127e-01
  -5.9573338e-01   6.5066328e-01
  -1.5954272e+00   8.8648667e-01
  -9.8989064e-02  -2.6720367e+00
   5.4003462e-01   8.4901678e-01
   1.1764833e+00   5.2361864e-01
   1.1752463e+00  -4.2512539e-01
   4.5722466e-01  -7.7241029e-01
   4.7622481e-01   1.9188811e+00
  -7.2969107e-01  -3.6681633e-01
  -1.0765732e+00  -2.0085651e-01
  -1.9516961e-01  -1.9390672e-01
  -1.0428302e-01  -1.1889533e+00
   3.0453309e-01  -1.8511683e+00
   5.6602674e-01  -5.1298836e-01
  -6.1690204e-02   5.8586550e-02
  -3.7511315e-01   1.5303003e+00
   5.8945580e-01  -2.4596407e-01
  -2.4477000e-02   4.8980218e-01
   4.9589038e-02  -3.6913687e-01
   2.5587519e-01  -1.2517736e-01
  -4.9015150e-01  -1.3173716e-01
   1.0493210e+00   2.0654990e-01
  -9.7836225e-01  -3.9355329e-02
  -5.3895962e-01   1.8948903e-01
  -4.9154937e-01  -1.6743842e+00
   1.3652751e+00   4.3293782e-01
  -3.2340985e-01  -1.2016110e+00
  -9.6841138e-01   1.1612737e-01
   1.5929098e-01   6.2937067e-01
   4.5310125e-01   2.0939910e-01
   1.6619756e-01  -9.6495116e-01
  -5.1298836e-01  -9.0546213e-01
  -1.1783421e+00  -8.0026541e-01
   4.5413137e-01  -8.5213055e-01
   8.5302171e-01   6.5833933e-01
   3.9412793e-01   4.2105964e-01
   2.1066596e-01   7.3171409e-01
  -2.5754449e+00  -4.0587425e-01
  -1.3631821e-02   5.0101032e-01
  -2.0200179e+00  -1.0466385e+00
  -6.1960906e-04   4.9539847e-01
   3.9546759e-01  -5.8503852e-01
   1.2299197e-01   2.8815807e-02
  -7.9048879e-01   7.8204840e-01
  -6.1069426e-02  -7.4146659e-01
   1.7297597e+00   7.4732391e-02
  -3.6255068e-02   1.9899633e+00
   6.9337672e-01  -4.0285480e-02
  -1.7374106e-01   4.0856694e-01
   8.3434113e-02   4.7726608e-01
  -2.9772542e-01  -1.8570538e-01
   4.0553787e-01  -1.7349923e-02
   1.6668801e+00  -1.1487985e-01
   7.6325790e-01   2.3193779e-01
   2.4915852e-01  -8.8282128e-01
  -6.0985147e-01  -4.6860449e-01
  -1.6871046e+00  -2.7706162e-01
  -2.8720173e+00   2.8479622e-01
  -1.2508885e+00   2.5107641e-01
   2.7673971e-01   8.5346755e-01
   1.1472778e+00  -1.0536288e+00
   8.6017560e-01   1.1413153e+00
  -1.8959577e+00   2.0622984e+00
  -5.1440236e-01  -6.5411273e-01
   1.5019841e-01   4.2512539e-01
  -7.5375736e-01   2.4456155e+00
  -7.4065120e-01   1.3892690e+00
  -5.5913121e-01  -4.9925493e-01
  -1.9469665e+00  -3.0972935e-01
  -1.5615416e-01   8.1529154e-01
   4.9119981e-01   1.4040580e+00
   1.3631821e-02  -8.1270262e-01
  -1.8903796e+00   1.8098113e+00
  -1.3012157e-02  -1.6020995e+00
   9.3386718e-02   5.3621865e-02
  -6.4112176e-01  -9.0080408e-01
   1.1430998e+00  -2.2907448e-01
   2.0835422e+00   1.1599335e+00
  -5.4182769e-01  -7.4432437e-01
  -8.0069222e-01   1.1178613e+00
   4.8317644e-01   1.1460820e+00
   8.9662849e-01   9.0359656e-01
   5.4398167e-01  -1.3412804e+00
  -8.7098978e-01   2.2840169e+00
   1.4441965e+00  -7.3861486e-01
   1.0155359e+00   1.1550359e-01
   1.5029045e+00  -4.3498018e-01
   7.3489765e-02  -1.3642620e-01
  -1.3949841e+00   5.3038181e-01
   1.9877245e+00   3.5260429e-01
  -1.9387852e+00   1.6399917e-01
   1.4268349e+00   3.0453309e-01
   2.1143808e+00   6.8787134e-01
  -1.1254160e+00   2.9125741e-02
  -9.8337419e-01  -2.4213403e-01
   5.0206429e-01   7.0167444e-01
  -5.6094323e-01  -9.8740159e-01
  -5.3967622e-01  -1.2652431e+00
  -9.4830604e-01   6.2931830e-02
   7.9558015e-01   7.5870562e-01
   1.6122437e+00   1.2700863e+00
  -3.9580261e-01  -2.9448853e-01
   4.8526648e-01   1.5067493e+00
   8.9524009e-01   1.0303712e-01
   9.4927789e-01  -1.0716090e+00
   8.4857263e-01  -4.7691893e-01
  -1.8598312e+00  -6.4875026e-01
  -7.8879622e-01   2.2621305e-01
   2.6773767e-01   3.3551198e-01
   1.1643927e-01   1.0343947e+00
  -1.8589341e-02  -3.2504247e-01
  -1.2659332e+00   5.6675415e-01
   1.2248931e+00   8.5972720e-01
  -2.2939254e-01  -9.1201660e-01
   6.9141455e-02  -6.7303196e-01
   1.0916274e+00  -2.8834691e-01
   1.2441427e+00   5.2859969e-01
  -1.5736841e+00   7.2565398e-01
   4.1869117e-01  -2.6404007e+00
   6.7419808e-01   1.4023996e+00
  -8.3137913e-01   1.1207360e-01
  -8.2788260e-01   4.9154937e-01
  -5.5515119e-01  -2.8899288e-01
  -2.0013096e+00   3.6747914e-01
  -1.6776833e-01   7.9898587e-01
   7.0882541e-01  -3.7644302e-01
   1.4512645e+00   1.0804526e+00
   1.0275424e+00  -7.7451901e-03
   8.1875196e-01  -4.5825672e-01
  -4.2105964e-01  -3.4503182e-01
  -5.5226216e-01   1.9169320e+00
  -1.1752463e+00  -8.7552585e-01
  -4.2478631e-01   1.1086499e+00
  -1.3321963e+00   2.4309121e-01
  -9.2334496e-01  -1.8588281e-03
  -4.0520153e-01  -8.5391356e-01
  -2.5715586e-01   5.3001375e-02
  -8.3664307e-01   1.5866398e+00
  -9.7486847e-01   6.5334552e-01
   4.6376935e-01  -4.8910373e-01
  -1.6354004e+00  -2.2557743e-01
  -3.5029751e-01   1.5801288e+00
   2.1290900e+00   1.3580082e-01
  -6.8787134e-01   6.5181223e-01
  -1.7093775e+00  -8.2526683e-01
  -2.1997894e-02   6.1069426e-02
   4.1092548e-01  -2.0275357e-01
   5.4434091e-01   4.6791309e-01
  -6.8983515e-01  -3.4085095e-02
  -9.5253832e-02  -2.9902104e-01
  -1.0085719e-01   1.1965249e+00
   1.1831095e-01   1.3455023e-01
   1.8066336e+00  -7.0326044e-01
  -1.5176519e-01  -1.2262061e+00
   2.2176561e-01   3.4705070e-02
   2.8608696e-01  -1.1575086e+00
   2.1795369e+00   7.4882749e-01
  -9.9139067e-03   1.0957990e-01
   8.5391356e-01   1.1259998e+00
   9.5659547e-01  -1.4503770e+00
   1.3165585e+00   5.8099936e-01
   4.9890404e-01  -2.8415102e-01
   1.4593038e+00  -2.0758393e-02
   1.6401384e+00   8.6737379e-01
   7.3374010e-01  -8.9385342e-01
  -1.3204968e-01  -1.0150172e+00
   1.1895817e+00  -1.3267474e-01
  -9.6940215e-01  -3.4076049e-01
   5.8136616e-01   2.7513058e-01
   7.8668368e-01   9.0920276e-01
  -1.1802050e+00   2.1862485e+00
  -7.7074142e-01  -6.9180162e-01
   1.8342477e+00  -4.4936773e-02
  -7.8964222e-01   1.3527935e+00
  -9.2524456e-01   1.9267513e+00
   9.4879185e-01  -5.5334500e-01
  -3.4078562e-03   7.2888271e-01
   1.0557900e+00   1.1242495e+00
  -3.0985408e-02   1.0950065e+00
  -2.4213403e-01   4.5481839e-01
   4.0116909e-01  -1.2749595e+00
  -1.0921897e+00  -1.3172959e+00
   8.7507143e-01   2.3066498e-01
  -1.3755753e+00  -1.7788228e+00
  -1.1581142e+00   4.5653688e-01
  -2.8533721e+00  -2.2213754e+00
   3.8911049e-01  -3.4996812e-01
   4.5035659e-01   1.5844620e+00
  -3.1591082e-01  -1.6389504e+00
   4.0184071e-01   1.2164096e+00
   3.3747908e-01  -2.1795369e+00
   8.1961860e-01   3.8735248e-02
   1.5096476e+00  -7.2247252e-02
  -9.2097514e-01  -1.1425046e+00
  -2.0469554e+00  -8.4104746e-01
   3.6449776e-01  -1.6731269e+00
   1.2267982e-01  -4.5860085e-01
  -1.5458633e-01  -4.2750032e-01
  -7.7157559e-01   4.6964201e-01
  -7.3252413e-01   9.4491163e-01
   1.9637315e+00   1.3736436e-01
   1.0989647e+00   2.9157797e-01
  -3.0193804e-01   4.4795779e-01
   5.2326335e-01  -8.4016528e-01
   1.6525529e-01  -1.0116858e-01
  -8.0454004e-01  -4.3532075e-01
  -3.6085825e-01   4.9820243e-01
  -7.5870562e-01  -4.8526648e-01
   1.1514759e+00   2.9093152e-01
   1.2428003e+00   1.3771730e+00
   1.2112321e+00  -3.1915282e-02
  -8.3434113e-02  -1.4311349e+00
  -6.3863113e-02  -1.1502743e+00
  -1.1715462e+00   4.7102617e-01
   8.0111916e-01  -1.2611414e-01
  -8.9342412e-02  -2.8027203e+00
   5.4577859e-01  -7.2444516e-01
   1.2387866e+00   1.2911887e+00
  -2.2177375e+00  -2.1567888e+00
  -1.4800553e-01   2.3100135e+00
  -4.9189899e-01   1.4871164e-02
   1.1629743e+00  -3.2896430e-01
  -1.0677529e-01  -3.2438932e-01
  -1.6365814e+00  -8.1399640e-01
  -3.7805153e-02   1.0655773e+00
  -1.5599405e+00  -7.9983875e-01
   3.7943768e-01   1.9327539e-01
   2.1172861e+00   1.2742615e+00
  -5.4865732e-01   1.2897640e+00
   8.1879789e-02   5.9795460e-01
   3.4601840e-01  -4.5550563e-01
  -7.1401261e-01  -6.4378747e-01
  -1.7040073e-02  -5.8026599e-01
   4.0274695e-03  -2.5619532e-01
   5.8467093e-01  -8.7689019e-01
  -9.4588035e-01  -5.5478981e-01
  -1.2216198e+00   6.4794452e-02
   9.4733510e-01  -1.2923754e-01
  -5.7965888e-02   2.5779635e-01
   1.1269714e-01   1.2170590e+00
   4.2105964e-01  -1.3017480e-01
  -8.6737379e-01   4.2851888e-01
  -7.5252318e-01   4.1429880e-01
   2.7223593e-01   1.7941017e+00
  -2.7255745e-01  -2.4784386e-03
  -7.1881791e-01  -5.4218651e-01
  -2.0781600e-01  -5.5623578e-01
  -3.2798337e-01   1.5736841e+00
   8.5659318e-01   8.2048585e-01
  -1.1238536e-01  -1.3443331e+00
  -1.2590593e+00   7.3009544e-01
  -2.3894505e-01   2.7384379e-01
  -1.5383425e+00   1.8259807e+00
  -3.1786536e-01  -7.6657861e-01
   1.1862293e-01  -2.8189377e-01
  -6.8316900e-01  -3.9714316e-01
  -8.7280205e-01  -4.8968676e-02
   3.5854469e-01   1.9015954e+00
  -1.0108773e+00  -6.5872415e-01
   1.1046493e+00  -5.5985580e-01
   9.5219880e-01   1.0312261e+00
  -1.7743191e+00   5.7076027e-01
   1.4550026e-01  -4.3668353e-01
   1.1353932e+00   1.6099751e+00
   2.4213403e-01  -9.8337419e-01
  -2.8092682e-01  -5.9056191e-01
   1.7972000e-01  -2.4216725e+00
   1.5709505e-01   4.9890404e-01
   4.7107702e-02   5.4039310e-01
  -2.1890886e-01   1.1946256e+00
  -2.9222455e-01  -1.5145065e+00
   1.1575086e+00   9.3191961e-01
   2.0022431e-01  -4.6825876e-01
   3.5945062e-02   7.1201527e-01
   3.2014719e-01   9.6810014e-02
   8.1572356e-01  -7.6574764e-01
   8.9801861e-01  -6.5488033e-01
   9.6498759e-02  -3.7185109e-02
   1.0547088e+00   5.0875250e-01
   2.5406703e-02   2.4022035e-01
  -1.6743842e+00  -6.8277782e-01
  -8.1961860e-01   6.2145945e-01
   9.8086514e-01  -6.6103512e-01
  -1.1721617e+00   1.4539338e+00
   1.0459452e-01   9.9611735e-02
  -1.7728258e+00  -1.7523235e+00
   1.9169320e+00   5.6166856e-01
   8.8282128e-01   3.7495129e-02
   4.9329806e-01   4.8108851e-01
  -1.4612650e-01   2.0781428e+00
  -1.5164601e+00  -1.6473153e+00
   2.9254788e-01  -3.9045287e-02
  -2.0243734e-01   6.6992679e-01
  -1.1826953e+00  -1.0444979e+00
  -9.1342623e-01   1.6933951e-01
   7.1841684e-01   7.7952713e-01
   2.4334697e+00   7.8583964e-01
   1.1271685e+00   3.0875442e-01
  -2.5171591e-01  -3.6946854e-01
   1.0837908e+00  -1.0296457e+00
   6.8473476e-01  -3.3977568e-01
   7.5994559e-01  -8.5257605e-01
  -1.5067493e+00  -1.5434198e+00
   8.2919261e-01   4.5867145e-02
   1.2414602e+00  -7.5911881e-01
   1.4831876e-01  -1.7381176e+00
   5.5370610e-01   1.0052132e+00
   1.7499926e-01   1.7494540e+00
  -2.0138654e-02  -8.7008472e-01
   1.7153987e-01  -4.3372767e-03
   6.9022823e-01   1.3202526e+00
   6.2000601e-02   1.0521755e-01
   6.0426417e-01  -7.1962041e-01
  -8.6197096e-01  -3.7495129e-02
   6.4951518e-01   3.0064128e-01
  -7.8921915e-01   5.3824329e-01
   2.8447360e-01   8.4988638e-02
   3.6516001e-01  -1.1544870e+00
   4.6929612e-01   1.9658663e+00
   5.0981061e-01   1.6274330e-01
  -8.9292993e-01  -2.3384772e-01
   2.0243734e-01  -1.0967008e+00
  -6.6992679e-01   2.5619532e-01
  -1.9927617e-01  -1.7451765e+00
  -1.3558941e+00  -1.1802050e+00
   9.5561684e-01   5.3788523e-01
  -1.2073703e+00   1.7610197e+00
   3.1558518e-01   6.3542479e-01
  -5.0382216e-01  -5.5406726e-01
  -8.2613812e-01   6.0985147e-01
   1.0584061e-01  -8.3488585e-01
   1.0259680e+00  -2.6388633e-01
  -1.6756441e+00  -1.5145180e-01
  -1.8034740e+00  -6.1134463e-01
   1.3787741e+00   2.1415156e-01
  -4.9589038e-02   1.1727778e+00
   5.7550663e-01   7.7199287e-01
  -1.7864101e+00  -4.5997792e-01
   2.0623343e-01   7.2807481e-01
  -4.9434799e-01  -3.8510358e-01
   7.9983875e-01  -9.9907064e-01
   2.6420713e-01   5.6529963e-01
   6.0835967e-01  -9.0173412e-01
  -3.9011319e-01  -2.3066498e-01
   6.5564832e-01   2.4216725e+00
  -1.9075085e-01   1.9232855e-01
  -1.1269714e-01  -3.6284285e-01
  -2.2715765e+00  -3.2031069e+00
   9.5122426e-01  -5.1935949e-01
   6.2371581e-01   4.9960588e-01
  -6.6605438e-01   4.9715049e-01
   1.4285517e+00  -1.2054461e+00
  -7.3179126e-02  -1.8917362e-01
  -6.0686922e-01   6.0759047e-02
   6.2484518e-01   6.0017878e-01
   9.4320234e-02  -1.1777221e+00
  -6.1379812e-02  -9.5876277e-02
   6.9377076e-01   1.9616055e+00
   1.3306929e+00   1.3344570e+00
  -7.6077288e-01  -1.3892823e-01
   2.1599707e+00   9.4927789e-01
   5.4862908e-02  -8.0668287e-01
   8.6242023e-01  -1.6935685e+00
  -8.3576414e-01   8.1831887e-01
   7.9133592e-01  -7.9473016e-01
  -1.8917362e-01  -7.0683541e-01
  -4.4385154e-01   8.7643523e-01
   4.9644950e-01   1.7201590e+00
  -4.8317644e-01  -2.6356557e-01
   1.0584986e+00  -1.2144642e+00
   1.8848598e+00   1.1161269e+00
   3.5953598e-01   2.7770553e-01
   2.2271826e-01  -2.7352216e-01
   1.1599335e+00   5.5483461e-02
  -8.3356963e-01   1.5505955e+00
   7.9855965e-01   1.0328091e+00
   1.3392501e-01   2.2367111e-01
   1.0877008e+00   5.5768291e-01
   7.7533600e-01   6.5449648e-01
  -1.4656223e+00  -2.2287406e+00
  -1.1046493e+00  -6.7419808e-01
  -5.5190135e-01  -1.1207594e+00
   1.1190194e+00   6.1995696e-01
  -5.3252258e-01  -5.5442850e-01
  -1.8286938e-01   1.3392501e-01
   1.1080773e+00   1.3705163e-01
  -1.2611414e-01  -6.5910907e-01
   1.3114168e+00   6.1433505e-01
  -2.3703283e-01   5.6239418e-01
  -1.2777579e+00  -4.9609910e-01
  -1.2035263e+00  -9.2619561e-01
  -1.3099542e+00   1.0134627e+00
  -2.7609597e-01  -1.3949841e+00
   4.4043538e-01  -1.2082670e-02
  -2.2515924e+00   4.3696337e-02
  -4.5069948e-01  -3.3310602e+00
   4.8248023e-01   7.2686386e-01
   6.8904931e-01   1.6077148e+00
   5.4182769e-01  -2.1129951e-01
   2.8533721e+00   1.4090566e+00
   3.0518217e-01   9.8677742e-02
   2.0571301e+00   8.0925917e-01
   6.3863113e-02   1.2721711e+00
  -1.4729160e+00   1.4566135e+00
   4.5894504e-01  -1.1752463e+00
   1.6693710e+00   7.7451901e-03
  -6.9062142e-01   4.7969773e-01
   4.1328631e-01  -1.6668801e+00
  -5.6348317e-01   9.7636434e-01
  -1.2911887e+00   2.8963897e-01
  -1.1666374e+00  -1.4259781e+00
  -2.4532548e-01  -3.6317375e-01
  -4.5722466e-01   2.1034921e-01
   9.1908301e-01   7.5375736e-01
  -1.1463018e-02  -8.2352611e-01
   1.1526790e+00  -4.4658820e-01
   9.4684996e-01   9.2762376e-01
  -9.5806515e-01   3.4536064e-01
  -1.5833759e+00  -5.9203786e-01
   1.9674867e-01   9.4879185e-01
   5.5226216e-01   1.2248931e+00
   1.1436954e+00   3.6482887e-01
  -9.6495116e-01  -1.5239200e-01
   1.4234138e+00   1.9922121e+00
  -5.9462387e-01  -1.0843484e+00
  -3.5359349e-01  -1.0108773e+00
  -1.0093293e+00   6.6412191e-01
   2.2798308e+00   1.0375737e+00
  -9.5953689e-01   7.9983875e-01
  -9.2953091e-01  -2.6035937e-01
  -8.0882942e-01  -5.5768291e-01
   9.0873448e-01   3.5986649e-01
   1.3041312e+00  -1.0650309e+00
  -9.6791636e-01  -6.3012617e-01
  -1.6009825e+00  -3.5260429e-01
  -1.6606976e+00   3.7810630e-01
  -1.6681243e+00   1.6896817e+00
  -3.1126891e+00  -4.3941154e-01
   1.1914696e+00   9.7138654e-01
   3.3452892e-01  -4.6470843e-03
   1.1490745e+00   4.9050088e-01
   1.0541687e+00   5.1016343e-01
   2.7188724e+00   8.0325664e-02
  -6.9534802e-01   4.3076145e-02
   1.2392498e-02   5.9166875e-01
  -5.9684362e-01  -1.3397587e+00
  -1.2118775e+00   7.3536308e-01
   1.1684749e+00  -8.0325664e-02
  -3.3289120e-01  -1.2756582e+00
   4.3838816e-01   1.2203141e+00
   3.3465132e-02  -2.4843894e+00
   1.5704861e+00   5.5732101e-01
  -2.1688016e-02   2.8533721e+00
  -2.1161632e-01  -7.6616306e-01
   1.2054461e+00   1.3180340e+00
  -1.7201590e+00   7.5705414e-01
  -2.8770106e-01  -1.2763574e+00
   1.2638647e+00   8.8924355e-01
   8.4366803e-02   3.7777356e-01
   1.8528898e+00   4.8213222e-01
  -5.9827942e-02  -6.9495355e-01
   2.1068265e-02   4.2173678e-01
   8.4990559e-01   1.0057268e+00
  -5.5009840e-01   4.1700084e-01
   1.4830745e+00   9.4442761e-01
  -1.3005142e+00  -1.2434713e+00
  -2.5459494e-01  -2.4022035e-01
  -1.2923754e-01   8.7144258e-01
  -3.4371690e-01   7.4677874e-01
  -1.4952808e+00   1.1006663e+00
  -1.0023445e-01   8.2875578e-01
   1.6730224e-02   4.5584933e-01
  -1.0264925e+00   1.6781718e+00
   2.0152743e+00   5.4649785e-01
  -1.5373318e+00  -7.2404245e-01
   9.8588944e-01  -8.1875196e-01
  -5.0522957e-01   2.6356557e-01
   1.3359679e+00   7.3130924e-01
   8.9200720e-01   1.1684749e+00
  -2.3798883e-01   5.2006870e-01
   2.1351049e+00  -9.1208830e-02
   7.0643774e-01   6.4798571e-01
   2.4843894e+00   1.2092989e+00
   3.4240257e-01   1.5313002e+00
  -1.0672185e+00  -8.8053643e-01
  -8.9801861e-01   2.2748457e-01
  -1.4183131e+00  -1.1946256e+00
  -1.2983521e+00  -8.4148880e-01
   4.0722022e-01  -1.6122437e+00
  -8.0636473e-02  -1.6909745e+00
   8.1097969e-01  -4.8805649e-01
  -2.3329368e+00  -2.0370238e-01
   8.7916772e-01  -5.1263502e-01
  -2.7996013e-01  -6.3846060e-01
  -6.7731221e-01   8.8465249e-01
  -7.7217991e-02   6.5415375e-02
  -8.8465249e-01  -4.4248446e-01
  -4.8108851e-01   1.8309259e+00
   4.3941154e-01  -1.3486286e-01
   5.5334500e-01   1.2392498e-02
  -8.4414027e-01  -1.0397153e-01
  -9.2050180e-01  -5.9093078e-01
   1.0888209e+00   5.6058068e-01
   9.4539588e-01  -6.6760214e-01
  -2.4756098e-01  -2.1256687e-01
   6.5142915e-01  -5.7953292e-01
   1.0490603e-01  -5.7880017e-01
  -5.8540619e-01  -7.8583964e-01
  -1.0270173e+00   4.7417853e-02
   1.7659775e-02  -2.5459494e-01
  -8.6062418e-01   1.5135319e+00
   1.3861543e-01  -8.3708278e-01
  -1.0688625e+00   6.8944218e-01
  -5.9795460e-01  -2.9384153e-01
  -9.7636434e-01   2.4436779e-01
   1.3455023e-01  -4.8074073e-01
   7.2525092e-01   9.0639609e-01
  -3.6814211e-01   4.9294820e-01
  -1.2367872e+00  -1.4065529e+00
  -9.3287658e-01   8.4857263e-01
  -6.4378747e-01  -2.7513058e-01
   8.9477768e-01   7.5293444e-01
   8.4414027e-01  -6.6346808e-02
  -2.8866988e-01  -3.0648072e-01
  -1.1456800e-01   1.0905038e+00
  -4.2750032e-01   2.2675067e+00
   1.0212598e+00  -1.4166211e+00
  -1.0477106e+00   4.2410829e-01
  -6.3315178e-01   3.3387372e-01
   5.1404877e-01   4.1525735e-02
  -3.0980500e-03  -8.6918036e-01
   8.8832384e-01   1.1097961e+00
   6.5910907e-01  -1.5641379e+00
   1.4174407e-01  -1.8922324e+00
  -1.1063617e+00  -1.0961357e+00
  -2.1930601e+00  -5.9832509e-01
   8.3708278e-01   1.6368517e-01
   2.9093152e-01   7.7366335e-01
   8.3444695e-01  -8.6827672e-01
   1.0989157e-01  -5.2575178e-01
  -2.7320056e-01   2.0296436e+00
   1.3019590e+00   2.1688016e-02
  -1.5844620e+00   5.0206429e-01
   3.2994555e-01  -4.1058841e-01
   1.2556446e+00  -6.3088203e-01
  -1.8178366e+00  -8.5035024e-01
  -8.0154626e-01   4.6514971e-01
  -1.6342216e+00   7.0127822e-01
   2.0444445e+00   8.9987481e-01
   1.0563311e+00  -1.6606976e+00
   9.7736281e-01  -1.2742615e+00
   7.2807481e-01  -1.0179139e-01
   1.0170936e+00   8.0839981e-01
  -5.0945784e-01   7.1921910e-01
   2.1320068e-01  -1.7625774e-01
   5.3359388e-01   1.1149725e+00
  -6.7575433e-01  -1.4441965e+00
   1.3755753e+00   1.5048241e+00
  -3.5425315e-01   5.1758763e-01
   5.1334177e-01   3.7611049e-01
  -9.7536685e-01   1.1109439e+00
   2.6196213e-01   3.9714316e-01
  -8.3269295e-01  -1.6054626e+00
  -7.7528724e-02  -4.5172849e-01
   2.4786899e-02  -6.8591019e-01
   2.1637102e-01  -3.3420130e-01
   7.3049992e-01  -1.3827926e+00
  -5.1475602e-01   1.4905597e+00
   1.3747778e+00  -1.5779733e+00
   8.5035024e-01   1.5485372e+00
   6.2108370e-01   1.9580118e-01
  -3.0940434e-01   2.7062879e-01
   1.7625774e-01  -5.1687934e-01
  -1.4208588e+00  -1.9149902e+00
  -6.5028048e-01  -3.0096542e-01
  -1.5485372e+00   4.3532075e-01
  -5.1687934e-01   1.3520204e+00
   1.0843370e-02   2.2250429e+00
  -3.6747914e-01  -3.8210246e-01
  -3.3387372e-01   1.1508749e+00
  -5.8099936e-01   7.6657861e-01
   2.3424600e+00   8.5035024e-01
   2.0117263e-01  -3.6516001e-01
   3.0745497e-01  -1.2361630e-01
   3.8977891e-01  -1.0280678e+00
  -1.5801288e+00   1.0233495e+00
  -6.7899324e-02   4.5825672e-01
  -2.3830755e-01  -1.0119107e+00
  -6.1321300e-01   6.7588808e-02
  -9.6002793e-01   1.0989647e+00
   1.7014199e+00  -4.2919817e-01
   1.3803789e+00  -6.9062142e-01
   2.5811663e-01  -3.4043219e-01
  -2.2398878e-01   1.4048887e+00
   9.9805054e-01   8.3356963e-01
  -1.2990722e+00  -4.4350970e-01
   7.3698799e-01  -1.6902524e-01
   5.8320136e-01  -1.3204968e-01
  -7.3171409e-01  -3.1851714e-01
   4.0957746e-01  -2.0129195e+00
   1.1306840e+00   2.9999309e-01
  -7.6118673e-01   2.2303585e-01
  -8.6286968e-01  -8.3225485e-01
   5.2895597e-01  -9.5659547e-01
  -1.2299197e-01   3.3092711e-01
   5.6130586e-01   1.3026824e+00
  -1.1562987e+00  -3.3780706e-01
  -7.4421724e-02   2.1510263e-01
   3.8677237e-01   1.4330890e-01
   1.5427281e-01  -7.0962220e-01
   1.8650968e+00   5.7770163e-01
  -9.7138654e-01  -6.3580395e-01
  -7.2928683e-01  -2.3282534e+00
  -4.6032232e-01  -4.7206487e-01
  -6.2597535e-01   1.2763574e+00
   1.6399917e-01   1.7537636e+00
   1.3489359e+00   5.0311883e-01
   1.7367162e+00   7.5664159e-01
  -4.6722191e-01  -3.4240257e-01
  -1.4149331e+00   3.0193804e-01
  -6.8904931e-01   2.2925113e+00
   4.1902938e-01   5.1652529e-01
  -3.0119824e+00  -3.8744019e-01
  -1.3580082e-01   1.3367245e+00
   5.5483461e-02  -1.0023445e-01
   5.5840691e-01  -6.4913267e-01
   5.7258427e-01  -1.5184196e+00
  -1.4362191e-01   3.3223636e-01
   8.5213055e-01  -1.2812699e+00
  -6.6373572e-01  -1.1721617e+00
  -1.3497058e+00  -2.2939254e-01
  -4.7691893e-01   1.5489987e-01
  -1.0498584e+00  -4.0789349e-01
  -7.9728185e-01  -2.0597074e+00
   4.8666101e-01   1.5333045e+00
  -1.3900827e+00  -1.4468385e+00
  -2.0654990e-01   6.0724170e-01
   1.6180157e-01  -1.0317535e+00
   1.7956528e+00  -2.3862629e-01
  -3.6946854e-01  -8.2178789e-01
   1.7910124e+00   1.6588345e-01
  -7.2888271e-01   1.4191607e+00
   4.9278854e-02   1.4943339e+00
   1.5490232e-03  -9.5512786e-01
   6.6876401e-01   8.4148880e-01
  -1.1318590e+00   2.0728034e+00
   6.5725846e-02   8.3620353e-01
   1.0521755e-01   4.6998797e-01
   1.5768983e+00  -4.1598722e-01
  -9.4201078e-01   4.8248023e-01
  -4.3225744e-01  -9.9601346e-01
  -1.5709505e-01  -7.3455134e-01
   3.6615368e-01   1.8276241e+00
  -1.4487409e-01  -1.5475105e+00
  -5.4003462e-01   4.1801490e-01
   1.3830264e-01  -1.5715503e+00
   8.9570270e-01   3.8076973e-01
  -5.2432942e-01   6.4493132e-01
   3.8443637e-01  -1.4896195e+00
   3.2438932e-01   6.4483999e-02
  -5.1263502e-01  -3.4174563e-01
   1.1484752e+00   5.1546354e-01
   4.5928927e-01   1.2542828e+00
   1.3811825e+00  -1.5125587e+00
   4.3293782e-01  -1.0739847e-01
   1.6961741e+00  -1.8160941e-01
  -2.4277213e-01  -8.6543368e-02
  -1.0727099e+00   9.3719356e-01
  -2.0022431e-01   1.3631821e-02
  -9.7287735e-01  -6.8520376e-02
   2.5273023e+00   4.3566137e-01
  -5.8908725e-01  -1.0921897e+00
   7.8879622e-01   1.1363252e-01
   1.0026492e+00   5.0804741e-01
  -5.5262303e-01   1.8854286e-01
   9.3048575e-01  -2.8060456e-01
   5.4829723e-01  -1.0000918e+00
   3.0755567e+00   1.2009735e+00
   7.8710590e-01  -1.9511066e+00
  -9.7238017e-01   2.2034721e+00
   9.2905380e-01  -3.2929135e-01
  -4.8596363e-01  -1.6933951e-01
  -1.1654146e+00   2.0248073e+00
   8.0014862e-02  -1.1225027e+00
  -6.2672924e-01  -3.8243575e-01
  -1.6168060e+00  -2.9060834e-01
   8.1227166e-01   4.3021748e-01
  -3.2602245e-01   1.5976434e+00
   3.2308343e-01   3.3944749e-01
  -3.9479767e-01  -1.4268293e-01
  -2.6998612e-01   1.1629743e+00
  -1.0860231e+00   6.0129198e-01
   2.3098315e-01  -1.6354004e+00
   6.5449648e-01   9.8036407e-01
   6.2748349e-01  -5.7034937e-02
  -1.4080533e-01  -2.4468699e-01
  -1.3771730e+00   1.4530429e+00
  -1.0036740e+00   1.3925292e+00
   7.4677874e-01   1.7625774e-01
  -1.6242937e-01  -1.8034740e+00
   1.2659332e+00  -2.9837317e-01
   2.8286099e-01   6.1470924e-01
   1.2631765e+00   8.3269295e-01
  -2.3621695e+00  -3.1916906e-01
  -3.1525957e-01  -2.6026517e-02
   2.5840793e+00   7.0922375e-01
   1.8539019e-01   1.1377573e+00
   1.3361242e-01   1.3329491e+00
   5.8026599e-01   5.4757727e-01
   1.8409528e+00   2.1795700e-01
   5.0663799e-01  -1.5526605e+00
  -9.1208830e-02  -1.8759687e-01
  -6.9180162e-01   2.8673251e-01
  -6.3163825e-01   4.5344457e-01
   7.8373200e-01   6.0203453e-01
   3.8410283e-01  -9.9398051e-01
   8.0368394e-01  -1.0181335e+00
  -5.7039570e-01   8.6232405e-02
   8.5525260e-01  -1.1526790e+00
   5.6857398e-01  -1.9449090e+00
  -1.8223936e-01  -4.1902938e-01
  -3.8110285e-01   5.0981061e-01
  -6.8512647e-01  -2.8931591e-01
   1.8980445e-01  -1.8114071e+00
  -1.5223560e+00   1.4584058e+00
   8.0325611e-01   1.2784590e+00
  -2.7480884e-01   1.6769066e+00
  -1.0459452e-01  -1.1248326e+00
   1.1377573e+00  -9.4539588e-01
  -6.8004247e-01  -9.6810014e-02
   4.5963357e-01   8.8236394e-01
  -1.6260329e+00  -5.5173182e-02
   4.7102617e-01  -8.8740488e-01
   1.4450760e+00   9.5073733e-01
  -3.9848442e-01  -7.0922375e-01
  -9.6544477e-01   6.7770194e-01
   1.3621348e+00   1.1312713e+00
  -6.4173553e-02   1.2890526e+00
   6.2145945e-01  -7.9393282e-02
  -8.5614615e-01  -1.6525529e-01
  -3.1721371e-01  -1.0493210e+00
  -5.3001375e-02   1.2904760e+00
   8.8720343e-02  -1.5096476e+00
  -4.7830787e-01  -7.6990779e-01
  -3.7079562e-01   2.4784386e-03
  -1.1678620e+00  -7.4718824e-01
   3.6714772e-01   6.6953910e-01
   2.6934357e-01  -4.8875459e-01
  -5.8650968e-01   1.4665298e+00
  -1.2611152e+00  -2.4045853e+00
   1.7080437e+00  -1.5866349e-01
  -2.0971578e-01   6.5296205e-01
  -3.2535212e-02   1.2749595e+00
  -5.3573832e-01  -5.2113299e-01
  -6.7278298e-02  -1.0144987e+00
  -7.6242904e-01  -4.5688074e-01
   1.4242675e+00  -1.2151121e+00
   6.8157519e-03  -1.0916274e+00
  -1.8822751e-01   2.9513566e-01
  -1.9573800e+00  -1.2833848e+00
   5.9795460e-01  -2.0781428e+00
  -1.4459567e+00   3.7179135e-01
  -3.7943768e-01  -4.6101129e-01
   2.1859155e-01  -8.6421907e-01
  -4.7206487e-01  -8.9662849e-01
   5.7221932e-01  -5.6675415e-01
   5.1935949e-01  -1.6190998e+00
  -2.3607705e-01  -5.0593365e-01
   8.2265669e-01   2.3672433e+00
   9.3239798e-01  -1.2361218e+00
   5.5478981e-01  -3.6185037e-01
  -7.7868781e-01  -9.3075565e-02
   1.6354004e+00  -2.2398878e-01
   6.8591019e-01  -2.0862648e+00
  -9.7387243e-01   3.0985408e-02
   2.8544153e-01  -5.9573338e-01
  -1.3466309e+00  -1.6318708e+00
  -4.9050088e-01  -1.5444400e+00
  -2.1567888e+00  -2.5840793e+00
  -8.0014862e-02   1.2819742e+00
  -6.9613730e-01  -3.4865094e-01
   2.2634742e+00   9.2192245e-01
  -2.2144810e-01  -6.2371581e-01
   1.2911887e+00  -6.4531279e-01
