   2.1082230e+02   0.0000000e+00
   2.4205770e+02   0.0000000e+00
   2.3952690e+02   0.0000000e+00
   2.2650660e+02   1.0000000e+00
   1.6500150e+02   1.0000000e+00
   1.2890430e+02   1.0000000e+00
   2.1395250e+02   1.0000000e+00
   2.1022290e+02   0.0000000e+00
   2.2940370e+02   3.0000000e+00
   2.3589720e+02   0.0000000e+00
   1.9593720e+02   6.0000000e+00
   2.0655990e+02   0.0000000e+00
   1.7695620e+02   0.0000000e+00
   1.6992990e+02   5.0000000e+00
   2.0119860e+02   0.0000000e+00
   1.8035280e+02   0.0000000e+00
   1.6909740e+02   1.0000000e+00
   2.2534110e+02   0.0000000e+00
   2.3876100e+02   0.0000000e+00
   8.9810100e+01   2.0000000e+00
   1.8787860e+02   0.0000000e+00
   2.1551760e+02   0.0000000e+00
   2.1874770e+02   2.0000000e+00
   2.1388590e+02   0.0000000e+00
   1.8268380e+02   2.0000000e+00
   2.0446200e+02   2.0000000e+00
   2.6336980e+02   0.0000000e+00
   2.2291020e+02   0.0000000e+00
   2.0949030e+02   2.0000000e+00
   2.3686290e+02   0.0000000e+00
   1.9826820e+02   2.0000000e+00
   2.0775870e+02   2.0000000e+00
   1.9214100e+02   2.0000000e+00
   2.2450860e+02   1.0000000e+00
   1.6466850e+02   0.0000000e+00
   1.9730250e+02   0.0000000e+00
   2.2021290e+02   0.0000000e+00
   1.8041940e+02   3.0000000e+00
   2.1528450e+02   1.0000000e+00
   2.4282360e+02   0.0000000e+00
   2.1215430e+02   2.0000000e+00
   1.7832150e+02   3.0000000e+00
   2.0166480e+02   1.0000000e+00
   1.7469180e+02   3.0000000e+00
   2.7159480e+02   0.0000000e+00
   2.1165480e+02   2.0000000e+00
   2.1688290e+02   0.0000000e+00
   2.1358620e+02   1.0000000e+00
   1.7642340e+02   4.0000000e+00
   2.0329650e+02   0.0000000e+00
   2.1898080e+02   0.0000000e+00
   1.7016300e+02   1.0000000e+00
   1.7835480e+02   3.0000000e+00
   2.2797180e+02   0.0000000e+00
   1.9120860e+02   4.0000000e+00
   1.9780200e+02   1.0000000e+00
   1.7582410e+02   4.0000000e+00
   1.7862120e+02   4.0000000e+00
   2.1601710e+02   0.0000000e+00
   2.2767210e+02   0.0000000e+00
   1.9647000e+02   0.0000000e+00
   1.1028960e+02   1.0000000e+00
   2.0422890e+02   2.0000000e+00
   1.5278040e+02   3.0000000e+00
   2.1811500e+02   2.0000000e+00
   2.3809500e+02   0.0000000e+00
   1.8518130e+02   1.0000000e+00
   2.1521800e+02   0.0000000e+00
   2.2164480e+02   0.0000000e+00
   2.3772870e+02   3.0000000e+00
   1.4112540e+02   1.0000000e+00
   1.9780200e+02   2.0000000e+00
   1.8245070e+02   2.0000000e+00
   1.8684630e+02   2.0000000e+00
   1.8065250e+02   1.0000000e+00
   2.0293020e+02   1.0000000e+00
   1.9004310e+02   1.0000000e+00
   1.5011640e+02   2.0000000e+00
   1.8068580e+02   1.0000000e+00
   1.9763550e+02   6.0000000e+00
   1.8185130e+02   1.0000000e+00
   2.1854790e+02   1.0000000e+00
   2.5484490e+02   0.0000000e+00
   1.9547100e+02   0.0000000e+00
   1.6543440e+02   1.0000000e+00
   1.9533780e+02   1.0000000e+00
   2.0356290e+02   1.0000000e+00
   1.4888430e+02   3.0000000e+00
   1.9117530e+02   3.0000000e+00
   1.9204110e+02   1.0000000e+00
   1.8644670e+02   0.0000000e+00
   1.8488160e+02   2.0000000e+00
   1.9760230e+02   3.0000000e+00
   2.3782860e+02   0.0000000e+00
   2.7975340e+02   0.0000000e+00
   1.8091890e+02   2.0000000e+00
   1.9097550e+02   1.0000000e+00
   2.0259720e+02   4.0000000e+00
   1.8641340e+02   0.0000000e+00
   2.6406900e+02   0.0000000e+00
   1.9813500e+02   0.0000000e+00
   2.0519460e+02   3.0000000e+00
   2.0402910e+02   5.0000000e+00
   1.7382600e+02   3.0000000e+00
   2.3070240e+02   0.0000000e+00
   1.2983670e+02   1.0000000e+00
   2.1818160e+02   3.0000000e+00
   2.0016630e+02   3.0000000e+00
