  -9.6544477e-01  -1.2869223e+00
   1.4575091e+00  -3.2667595e-01
   7.6741011e-01   4.9890404e-01
   1.8349948e-01   7.1761503e-01
  -6.1134463e-01  -9.6002793e-01
  -5.8982442e-01  -5.9795460e-01
  -5.7441017e-01   4.0553787e-01
  -3.4568951e-01  -9.1208830e-02
  -9.7188324e-01  -3.8110285e-01
   1.1377573e+00   8.9616550e-01
   1.0147998e-01  -4.1869117e-01
  -1.3150859e+00  -2.0105757e+00
   7.2002183e-01  -1.2624888e+00
   6.3998070e-01  -1.0882607e+00
   3.9665376e-02  -2.0844918e-01
   4.1531171e-01   6.7926188e-01
   9.8488259e-01  -1.4115691e+00
   1.6342216e+00   3.5821434e-01
   7.0694268e-02  -1.5413841e+00
  -1.0568725e+00  -1.0450326e+00
   1.2428003e+00   1.0727099e+00
   2.7706162e-01  -5.9499363e-01
  -7.3617529e-01   3.1168011e-01
  -1.4459567e+00  -4.5653688e-01
  -8.2526683e-01  -9.2142157e-02
   5.2468491e-01  -1.1858185e+00
  -8.8144982e-01  -1.6987911e+00
   1.2099428e+00   1.5458633e-01
  -6.7731221e-01  -2.0728034e+00
  -1.2262061e+00  -8.8465249e-01
   2.4581332e+00  -7.0694268e-02
  -2.3703283e-01  -1.1648039e+00
   9.7387243e-01   8.8373652e-01
  -1.1184401e+00   4.4556157e-01
  -9.3287658e-01   1.9896016e-01
   2.7062879e-01  -2.6646341e-02
  -1.6656385e+00   1.9899633e+00
  -1.4775146e+00   1.3705163e-01
  -7.6907470e-01   8.1485967e-01
  -2.0085651e-01   6.2823809e-01
   7.9558015e-01  -3.2243069e-01
   6.5104910e-02   9.7238017e-01
   8.0325611e-01  -7.0405410e-01
  -4.6825876e-01  -1.1442915e+00
  -1.7367162e+00  -2.1999749e+00
  -3.7677560e-01  -1.3077653e+00
  -4.9785173e-01   1.3787741e+00
   4.1598722e-01  -7.7366335e-01
  -1.3298729e-01  -5.6566315e-01
  -1.1324470e+00   1.7409308e+00
   7.2122679e-01  -8.8236394e-01
  -7.0962220e-01   2.4564476e-01
  -1.6996810e-01   3.8610473e-01
   1.9616055e+00   6.2710632e-01
   3.8143601e-01   1.3892823e-01
  -2.2398878e-01   1.8602058e-01
   1.2183595e+00   5.1298836e-01
   3.4667631e-01  -1.3236220e-01
  -2.7963796e-01  -1.5976434e+00
  -7.9855965e-01  -2.6164153e-01
   3.4404557e-01  -2.6832038e+00
   9.6810014e-02  -2.9384153e-01
  -1.7059676e-01  -1.5048241e+00
   2.8802397e-01  -1.2314794e+00
  -8.1011913e-01   4.8666101e-01
   7.7451901e-03  -1.3852145e+00
  -2.2621305e-01  -1.3535674e+00
  -3.2845182e-02  -2.9999309e-01
  -5.0206429e-01  -1.6214022e+00
   4.8248023e-01  -6.4875026e-01
  -3.5128590e-01   5.5370610e-01
  -7.6699429e-01   2.6260342e-01
   8.4768482e-01  -1.3580082e-01
   6.5372908e-01   3.5887508e-01
   1.2392183e-03  -1.5263161e+00
   2.1795369e+00   1.2041657e+00
   8.6872845e-01  -7.9260769e-01
  -9.6187514e-02   1.9043536e-01
  -1.7594310e-01  -1.0477106e+00
  -5.3681147e-01  -6.1690204e-02
  -2.5843694e-01   1.0280678e+00
   1.4494907e+00   3.5986649e-01
   1.7001040e+00   8.4414027e-01
  -1.5641379e+00  -1.2604293e+00
  -3.1982111e-01  -8.6543368e-02
   1.1952582e+00  -5.3824329e-01
  -9.6101071e-01   1.5991853e-01
   1.4871164e-02   1.7228859e+00
  -6.6412191e-01   1.2777579e+00
   4.4385154e-01  -6.0649681e-01
  -7.2243280e-01  -7.6160070e-01
  -2.2748457e-01  -2.8866988e-01
   8.9755504e-01  -5.8283416e-01
  -1.1359836e+00   9.4539588e-01
  -1.5057860e+00   5.1758763e-01
   2.4085815e-01   1.5615416e-01
  -1.2680070e+00   1.0487839e+00
  -2.3547319e-02   5.5009840e-01
   1.0826768e+00   7.3252413e-01
  -3.7910478e-01   1.3868336e+00
  -1.4090566e+00  -2.4912293e+00
   7.4024369e-01   1.5395930e-01
   9.3479308e-01   1.4393494e-01
   1.0882607e+00   7.0763107e-01
  -2.0338609e-01   1.5353150e+00
  -8.4060629e-01  -1.1126682e+00
   9.7786241e-01   3.7013200e-01
   3.1298127e-01  -2.2525966e-01
  -8.0882942e-01  -1.1336243e+00
   1.1721617e+00  -1.1605408e+00
   5.7880017e-01  -3.3551198e-01
  -1.2673151e+00  -4.8348333e-02
  -6.6219193e-01  -1.1666374e+00
  -2.1161632e-01  -3.1605321e-02
   4.9609910e-01  -9.7121279e-02
   1.9043536e-01   2.4158981e+00
   1.9106635e-01  -4.1362376e-01
   1.8426421e+00   4.4350970e-01
   5.2070678e-02   1.4330890e-01
   9.0080408e-01  -3.2961843e-01
  -1.4858717e+00  -5.3252258e-01
   8.2190638e-02  -8.2657400e-01
   1.0272568e-01  -5.6966679e-01
  -1.1225027e+00  -9.7437033e-01
  -1.0547088e+00  -8.3123232e-02
  -1.7688709e-01  -1.0944425e+00
   5.5173182e-02  -5.1971406e-01
  -1.9130555e+00  -6.8043292e-01
   1.0666711e+00   6.5219541e-01
   8.8419441e-01   1.2673872e-01
  -1.5293020e+00   9.7188324e-01
  -1.1727778e+00  -1.1519172e-01
   1.0628484e+00   8.6782517e-01
   1.5954272e+00   1.0223041e+00
  -1.2354570e+00   4.2885850e-01
  -7.0073123e-02   1.2735641e+00
  -1.0423621e+00   2.0686640e-01
  -1.2777579e+00  -9.7287735e-01
   5.6021820e-01   2.0545664e+00
   2.1762176e+00   8.1227166e-01
  -2.8188122e+00  -9.8790614e-01
   1.5709505e-01  -3.9982639e-01
  -4.0352055e-01  -2.1795369e+00
   1.3262008e+00   6.9452004e-02
  -3.8115181e-02  -2.9842585e+00
  -2.1954353e-01  -5.6094323e-01
  -6.8004247e-01   2.1383458e-01
  -3.1265593e-01   1.7639482e+00
   4.4316790e-01  -8.9662849e-01
   7.9133592e-01   1.7773176e+00
  -3.9848442e-01   3.6946854e-01
  -1.8528898e+00   2.1696500e+00
   2.3193779e-01  -1.1709310e+00
   1.0536288e+00  -2.9675403e-01
  -1.8243422e+00  -3.4667631e-01
  -1.4049245e-01   8.4990559e-01
   7.9175970e-01   4.4248446e-01
   1.5154826e+00   2.3512148e-01
   1.7091111e-01  -1.6020995e+00
   1.1460820e+00   2.4149604e-01
   2.3775777e+00  -4.4936773e-02
   6.2333953e-01   7.4732391e-02
   7.7994700e-01  -7.6574764e-01
  -1.6668801e+00   1.1184401e+00
   1.1955896e-01   3.2831031e-01
  -1.3852145e+00  -1.9267513e+00
   9.4009053e-02   2.3329368e+00
   4.3055735e-01  -7.0383692e-02
   1.3966253e+00  -6.9140811e-01
  -1.0312261e+00   1.0217818e+00
  -3.3518426e-01  -1.9247726e+00
   1.8539019e-01  -1.5313002e+00
  -5.7989942e-01  -2.2287406e+00
   1.5434198e+00   4.5584933e-01
  -4.8968676e-02   1.6225566e+00
  -3.5029751e-01  -9.5317425e-01
   1.0238726e+00  -1.7624820e+00
   2.2594780e+00   8.0839981e-01
   9.6199443e-01  -2.0148878e-01
  -3.4700532e-01   7.2323739e-01
   1.2441427e+00   4.7137235e-01
   5.7345248e-02  -5.4973802e-01
   6.9141455e-02  -5.4721739e-01
   1.0482471e+00  -7.3983630e-01
  -9.9195165e-01   1.4602028e+00
  -6.8356028e-01  -5.2681924e-01
   7.7366335e-01  -8.6232405e-02
   1.0402310e+00   3.2604522e+00
  -6.3580395e-01   3.3059989e-01
   6.3239483e-01  -7.1041944e-01
  -6.6489460e-01   1.1814493e+00
  -1.8381455e-01   1.4424797e-01
  -2.1732254e-01   4.7900268e-01
   7.2646045e-01   8.2190638e-02
  -1.7395225e+00   1.3548815e-01
  -8.3745001e-02   8.1961860e-01
  -1.8318442e-01  -8.5614615e-01
   9.3959944e-01   3.3747908e-01
   5.0311883e-01  -9.5122426e-01
   2.6196213e-01   6.0686922e-01
  -1.2082670e-02   9.1436699e-01
   1.9367600e+00   7.4269061e-01
  -4.3327809e-01  -9.1295615e-01
  -3.3682324e-01   5.5949346e-01
  -1.1419098e+00   9.3671303e-01
  -1.0646372e-01   1.4259781e+00
  -1.7668920e+00   2.3990423e+00
   1.3443331e+00   1.8223936e-01
   7.4555099e-01   1.4217094e+00
   4.5550563e-01   1.1789626e+00
   1.6032185e+00   6.1690204e-02
   3.4705070e-02   1.7879400e+00
  -1.8917362e-01   2.7738356e-01
   7.6201481e-01  -9.4879185e-01
  -1.6606976e+00  -1.5301888e-01
  -1.5333234e-01   1.3359679e+00
  -2.1599707e+00  -9.3911783e-01
  -1.0179139e-01  -1.0428956e+00
  -1.7537636e+00   9.4733510e-01
  -1.6009825e+00  -1.4200092e+00
   1.8721989e+00  -3.1851714e-01
  -1.3676392e+00  -1.6619756e-01
   6.3242251e-02   8.6647156e-01
   7.4391574e-01   6.6036324e-02
   7.6782606e-01   5.5226216e-01
   8.5838301e-01   5.4146894e-01
   3.8710626e-01   3.5524292e-01
  -1.6987911e+00   1.0849063e+00
  -1.6525529e-01  -1.9201297e-01
  -1.2009735e+00   5.9906632e-01
  -4.7553092e-01   3.2438932e-01
  -8.8878360e-01   7.0683541e-01
  -1.4251223e+00   1.0270173e+00
  -6.3808080e-01   1.3367245e+00
   1.9011990e-01   5.2468491e-01
   1.4738332e+00  -2.0971578e-01
  -3.2177809e-01   7.5975132e-02
   4.2105964e-01   2.5716608e-02
  -9.7536685e-01  -6.0575226e-01
  -1.0334858e-01  -2.8189377e-01
   3.6118892e-01   1.9072941e+00
  -1.7437578e+00   6.4416866e-01
   9.3000822e-01  -1.1924694e-01
  -1.3611350e-01  -2.9125473e-01
   1.1312713e+00  -5.9203786e-01
  -3.6582242e-01  -1.0103611e+00
   1.2448148e+00  -1.1086499e+00
  -1.4208588e+00   1.9034881e+00
  -4.3804713e-01  -1.5207859e-01
  -1.1593266e+00   1.9738042e-01
   2.1954353e-01  -3.2406279e-01
  -9.1766606e-01   5.9093078e-01
  -6.3504573e-01  -3.4437429e-01
  -4.3736523e-01   1.6606976e+00
   1.4048887e+00   3.4076049e-01
  -6.3428788e-01  -1.7001040e+00
   2.7480884e-01   1.3543422e+00
   3.0810463e-01   6.6953910e-01
   9.9398051e-01   1.1312713e+00
  -4.1835301e-01   4.1193698e-01
  -2.3352934e-01  -5.2646335e-01
   2.1573678e-01  -5.0945784e-01
  -1.9927617e-01   1.9149902e+00
   1.8098113e+00   1.4406893e+00
  -4.6032232e-01  -8.0797035e-01
  -1.1236669e+00  -5.2326335e-01
   1.0776799e+00  -1.1051496e-01
   4.8317644e-01   1.5758251e+00
  -7.7952713e-01  -1.3486286e-01
   1.9927617e-01   1.3048567e+00
  -8.3488585e-01  -2.1827427e-01
  -7.3414566e-01   4.8456956e-01
   1.9548539e-01  -9.4976414e-01
  -2.4117708e-01  -6.0352062e-01
  -5.7623799e-01   9.8677742e-02
   1.6431317e-01   5.2824346e-01
  -1.4143114e-01   4.1227424e-01
  -4.4936773e-02   1.3644887e+00
  -3.9613768e-01   3.6151963e-01
   7.5129014e-01   1.6776833e-01
   3.3256376e-01   8.9246847e-01
   4.5001374e-01   1.3755753e+00
  -1.8615807e+00   1.1289245e+00
  -5.5793745e-02  -8.7165318e-02
   2.4500622e-01  -4.6135585e-01
   8.3532492e-01   1.0243960e+00
  -6.3552679e-02  -1.0749155e+00
   1.0461029e+00  -1.0016254e+00
   2.7384379e-01   1.0760203e+00
  -1.5609873e+00  -2.4309121e-01
  -4.0419281e-01  -7.1881791e-01
  -1.0623036e+00   8.4988638e-02
  -3.2863729e-01   1.9264414e-01
   8.1399640e-01   1.5768983e+00
  -1.1924694e-01   6.4794452e-02
   4.8178426e-01   4.1835809e-02
   8.1270262e-01   7.3861486e-01
   1.4802888e+00   6.5718546e-01
   8.4281379e-01   4.8980218e-01
  -1.7972000e-01  -1.6248720e+00
  -1.8759687e-01   2.3384772e-01
  -2.0908244e-01  -2.5555509e-01
  -1.2570088e+00  -1.0705094e+00
   1.7339235e+00   3.8276908e-01
   2.8188122e+00   1.1046493e+00
  -9.6002793e-01  -9.8186802e-01
   9.8236983e-01  -1.2118775e+00
   1.1587202e+00   9.9139067e-03
  -7.2042337e-01  -6.5949408e-01
   4.2682152e-01  -9.4008127e-01
   2.4596407e-01  -5.3860142e-01
   1.2954995e-01  -4.3498018e-01
   2.1172861e+00  -7.1626038e-02
  -3.8911049e-01   5.8577394e-01
   1.0031615e+00   1.0238726e+00
   3.0940434e-01  -1.1213401e+00
  -1.2954788e+00   9.6187514e-02
   5.4362250e-01   4.7691893e-01
  -1.1213401e+00   1.2461605e+00
   1.3644887e+00   2.1066596e-01
   2.6260342e-01  -4.1598722e-01
   2.9348545e+00   1.2216198e+00
  -1.0412959e+00   3.9982639e-01
   8.6918036e-01  -2.1686333e-03
   8.9524009e-01   3.4536064e-01
   6.1920625e-01  -2.0369883e+00
  -1.8903796e+00  -4.9399795e-01
  -8.7734533e-01  -1.1020326e-01
  -3.0422346e+00   6.5526428e-01
   1.2334657e+00  -1.6769066e+00
  -8.3356963e-01  -7.8541784e-01
   6.8043292e-01  -1.7216870e-01
  -1.1312713e+00   1.7279759e-01
  -6.3846060e-01  -2.3066498e-01
   9.0359656e-01   4.5860085e-01
  -4.8074073e-01   7.8879622e-01
  -1.8050515e+00   6.7731221e-01
  -4.4009405e-01  -8.1788594e-01
   5.5765100e-03  -1.8003486e-01
  -1.0606710e+00  -9.9601346e-01
   8.7008472e-01  -1.1581547e-01
   7.9345625e-01  -7.2162868e-01
   3.2275704e-01   9.3096349e-01
   1.7499926e-01  -1.2976328e+00
  -1.3092239e+00  -6.4951518e-01
  -1.6494123e-01   4.6480454e-01
   1.0170936e+00   3.1949507e-01
  -1.2486512e-01   6.2974838e-01
  -1.4149331e+00  -2.0338609e-01
  -8.5927896e-01   9.2714750e-01
   6.3050406e-01   7.3942903e-01
   9.3096349e-01  -1.9359105e-01
   9.8538589e-01  -1.0843370e-02
   8.6152186e-01  -8.0069222e-01
  -8.5435974e-01  -1.4166211e+00
   6.3088203e-01  -7.7994700e-01
   5.4862908e-02  -6.0314897e-01
  -4.6998797e-01  -7.5252318e-01
  -1.3314442e+00   1.6342216e+00
   3.7176627e-03  -1.8854286e-01
  -1.8830325e+00  -1.5223560e+00
  -9.5317425e-01   1.2203141e+00
  -4.4453540e-01  -8.8282128e-01
   1.5929098e-01  -7.9515508e-01
   2.2715765e+00   9.8036407e-01
  -1.7728258e+00  -7.0723318e-01
   4.0823019e-01  -1.2919021e+00
  -3.0980500e-03  -2.6506537e+00
   7.4800761e-01   8.0636473e-02
  -7.3495715e-01  -1.5758251e+00
  -7.8795078e-01  -9.3335538e-01
  -1.0207380e+00   1.8160941e-01
  -5.6348317e-01  -4.4932821e-01
   1.4831876e-01   3.4503182e-01
  -1.0103611e+00  -7.6907265e-02
  -1.1394434e-01  -1.6274330e-01
   1.0054581e-01  -2.8447360e-01
   1.0328091e+00  -4.0823019e-01
   1.1219212e+00   1.6883918e+00
  -6.3201650e-01  -8.7189556e-01
  -8.5035024e-01  -1.0210281e-01
  -4.3872923e-01  -8.3576414e-01
  -7.0922375e-01  -1.7581061e+00
   1.3974474e+00   1.1138196e+00
  -1.5651915e+00  -1.9680102e+00
   4.8735863e-01   1.0916274e+00
   9.2941366e-04   7.2928683e-01
   2.7320056e-01  -4.5246892e-02
   2.2081316e-01   1.0072691e+00
  -8.7476306e-02   9.6002793e-01
  -4.9278854e-02  -1.2522445e+00
  -1.0972662e+00  -6.4645776e-01
  -2.4167104e-02  -2.7725595e+00
  -8.8098307e-02   1.6631630e+00
   3.7644302e-01   1.9267513e+00
   5.8835040e-01   3.1295363e-02
   1.4311349e+00  -9.4631425e-02
   4.8108851e-01  -4.0184071e-01
   6.7070248e-01   6.9258895e-01
  -1.4518717e-01  -9.6199443e-01
  -6.1069426e-02   4.0621067e-01
   1.0139806e+00   1.5444400e+00
  -5.5804487e-01   1.5779733e+00
   6.3428788e-01  -1.0359829e+00
  -1.2770573e+00  -1.4285517e+00
   1.1430998e+00  -5.0487762e-01
   1.7595610e+00  -1.1958913e+00
   5.6414330e-02   1.5038636e+00
  -5.1404877e-01  -1.3941654e-02
  -7.6201481e-01   2.0059211e+00
   4.1700084e-01  -3.9446278e-01
   6.2861553e-01  -1.9106635e-01
  -1.4952808e+00   3.5227464e-01
   1.5557704e+00   4.5688074e-01
  -5.3895962e-01  -9.0359656e-01
  -4.1092548e-01   1.2604293e+00
  -9.3386718e-02  -1.5641379e+00
  -2.4564476e-01   2.0370238e-01
  -1.4107306e+00  -9.2857691e-01
  -8.8786427e-01  -1.7215209e+00
   5.0663799e-01   2.9934503e-01
   6.1620686e-01  -4.9568924e-03
   9.4942624e-02   6.2183529e-01
   2.1057701e+00   8.5035024e-01
   5.3681147e-01   1.3673890e-01
  -4.4316546e-02  -1.7531386e-01
  -9.3911783e-01  -2.4947810e-01
  -1.2314794e+00  -6.9811239e-01
   3.3551198e-01  -2.3926384e-01
  -6.4760358e-01  -7.5046875e-01
   5.8430342e-01  -9.5876277e-02
   3.5953598e-01  -4.9224866e-01
   8.2309132e-01  -3.3158167e-01
   2.0433502e-01   1.6769066e+00
  -7.4677874e-01  -7.4065120e-01
  -1.4415644e+00  -8.5168522e-01
  -8.2439616e-01   4.4727289e-01
   4.9899226e-02   8.0754104e-01
   1.7409308e+00   9.4297685e-01
   2.8511886e-01  -8.9292993e-01
   2.3236205e+00   9.5415060e-01
  -4.3157725e-01  -1.3019590e+00
   2.3857210e-02   6.2861553e-01
  -3.4832174e-01   1.2092989e+00
  -1.1092228e+00   9.0897738e-02
  -4.5963357e-01   4.9679997e-01
  -2.2081316e-01   1.2847978e+00
  -3.7079562e-01  -5.5551265e-01
  -6.4645776e-01  -1.3558941e+00
   1.6425213e+00   1.4299591e-01
  -2.5096799e-02  -1.7028242e-01
  -8.6854339e-02  -1.2414602e+00
   7.9643071e-01  -6.0389235e-01
  -6.5603246e-01  -8.2483141e-01
  -1.1752463e+00  -2.7315718e+00
  -1.0082987e+00  -9.9296557e-01
  -1.2862135e+00  -3.6255068e-02
  -5.5949346e-01   9.6051921e-01
   1.1353932e+00  -1.0461029e+00
   5.5876902e-01   5.7034937e-02
   1.9453813e-01  -6.5795461e-01
   1.5490232e-03  -5.4649785e-01
   6.9692701e-01   1.1348032e+00
  -9.2334496e-01   1.6731269e+00
  -1.1635837e+00  -1.3114168e+00
  -9.0499544e-01  -8.3356963e-01
  -3.3190900e-01   3.3715114e-01
   1.2563264e+00   8.3434113e-02
   3.2634919e-01  -1.0011139e+00
  -1.4548259e+00  -6.5142915e-01
  -1.9075085e-01  -4.9329806e-01
  -4.1159977e-01   6.4302537e-01
  -3.0064128e-01  -2.0180495e-01
   1.4450760e+00   5.9019313e-01
  -1.4915013e+00  -7.0167444e-01
   9.1107785e-01  -1.3276952e+00
  -7.8246909e-01   3.8643853e-01
   6.7031458e-01  -1.4371998e+00
   1.1295106e+00  -3.3059989e-01
  -4.6791309e-01  -4.8700979e-01
  -1.3597883e+00   8.1745316e-01
   7.7491763e-01   2.0243734e-01
   1.7531386e-01   1.5704861e+00
   2.9675403e-01   1.0397153e-01
  -6.3770109e-01   8.7598045e-01
   5.5793745e-02   3.4799258e-01
  -7.1841684e-01  -3.8176922e-01
   4.0251251e-01   3.2896430e-01
   1.5536955e+00   7.7742986e-01
  -3.4766346e-01   7.6533236e-01
   9.9550484e-01   4.5246892e-02
   4.2444728e-01  -1.6365814e+00
   6.7692259e-01   1.9408184e+00
  -7.5581689e-01   1.9232855e-01
  -2.4776638e+00   5.7367958e-01
  -1.2714756e+00  -4.3941154e-01
  -4.2783979e-01   5.6203133e-01
   1.0955709e+00  -6.2183529e-01
   1.4756714e+00  -8.6017560e-01
  -1.4380705e+00  -2.3145017e+00
   7.4964786e-01  -2.9804928e-01
   2.1473719e+00   1.0530893e+00
   2.6805880e-01   9.0275582e-02
  -3.0972935e-01   1.1167047e+00
   1.3811825e+00   2.1510263e-01
   6.4264446e-01   5.8246705e-01
  -2.7095016e-01  -9.2239641e-01
  -7.3983630e-01   2.5651547e-01
   1.8255436e-01  -3.9078188e-01
   1.5207859e-01  -1.8822751e-01
   1.5552698e-01  -1.9511066e+00
  -1.6588345e-01  -1.4268293e-01
   1.3048725e-01   4.7935018e-01
   1.6839675e-01  -1.0093293e+00
  -7.0445109e-01   1.2933308e+00
  -1.1466797e+00   4.4419344e-01
   1.2394542e+00   3.3158167e-01
  -1.2563264e+00  -1.4840056e+00
   1.0275424e+00  -1.0207380e+00
  -1.0995316e+00   6.3163825e-01
   1.2486512e-01  -1.1684749e+00
   4.1497402e-01   9.7432552e-02
   3.7245538e-01  -6.1545788e-01
   3.5029751e-01   4.3907036e-01
  -7.6616306e-01  -4.4795779e-01
   6.0612450e-01   7.9473016e-01
  -7.2557870e-02  -5.8540619e-01
   6.5066328e-01   4.3498018e-01
   8.0154626e-01  -3.7511315e-01
   6.9534802e-01   1.5800687e-02
  -1.4242675e+00   1.0381046e+00
   1.9422242e-01   9.0266495e-01
   9.4491163e-01  -1.1690883e+00
   7.5087938e-01  -2.2555177e+00
   3.4108883e-01   1.1082666e-01
  -2.4981878e+00   5.2691138e-02
   3.8643853e-01  -6.8121414e-01
  -1.8757857e+00  -1.3827926e+00
  -3.3155156e-02  -8.5610505e-02
   4.3327809e-01  -1.4877430e+00
  -2.8189377e-01  -1.3299424e+00
  -2.5811663e-01   5.9462387e-01
  -1.1006663e+00  -3.4930945e-01
   8.4104746e-01  -3.2569576e-01
   5.0209419e-02   3.0675456e-02
  -3.9245435e-01  -1.3955388e-01
  -7.7742986e-01  -6.9022823e-01
   1.4830745e+00   2.4596407e-01
   1.0312261e+00   1.7814598e-01
  -4.9568924e-03  -4.3532075e-01
   7.5705414e-01  -1.2954995e-01
   2.6677447e-01   6.8708657e-01
  -1.0727099e+00   1.3267474e-01
  -3.8877634e-01  -9.9139067e-03
  -5.5154062e-01  -1.7325322e+00
  -1.8359163e+00   9.7636434e-01
   3.9781370e-01   1.2035263e+00
  -1.5822917e+00  -7.1841684e-01
   1.5243331e+00  -5.0769496e-01
   1.5991853e-01   2.6549058e-01
  -9.8841095e-01   5.7770163e-01
  -8.5302171e-01  -5.7514107e-01
   2.5843694e-01  -1.7201590e+00
   1.6461132e+00   3.0323531e-01
  -9.0080408e-01   1.0888209e+00
  -3.1005440e-01   8.3620353e-01
   9.6297907e-01   1.4057203e+00
   1.8477417e+00   3.4240257e-01
   1.8885823e-01   1.4049245e-01
  -1.4971786e+00   1.0062406e+00
  -3.4437429e-01   6.5257868e-01
  -6.8160490e-01   6.6967795e-02
   5.3001375e-02   1.3473985e+00
   2.0545664e+00  -2.1378139e-02
   1.9788675e+00   4.5481839e-01
  -1.5176519e-01   4.4626657e-02
  -4.2145887e-02  -5.4470023e-01
  -5.5659745e-01  -7.2807481e-01
   8.7461720e-01   9.9958107e-01
  -8.8053643e-01   8.8970368e-01
  -6.5725846e-02  -8.4724117e-01
   1.6009825e+00   2.5747609e-01
   3.0031717e-01   3.1135490e-01
   1.6088439e+00   1.1532813e+00
   3.7478078e-01   6.4173553e-02
   2.3190370e+00  -1.1219212e+00
   2.6516968e-01   6.8830912e-02
  -9.3096349e-01   2.0494792e+00
  -6.4302537e-01   8.1313373e-01
  -7.4432437e-01  -6.7031458e-01
   1.5641379e+00   9.3527275e-01
   3.7378394e-01   1.9075085e-01
   1.4330890e-01   2.3289265e-01
  -1.0739847e-01  -2.3639562e-01
   1.7814598e-01   1.4363302e+00
   1.1207360e-01   2.6452795e-01
   2.0444445e+00   3.6814211e-01
  -1.0270173e+00  -6.7848170e-01
   2.2653090e-01  -1.5844620e+00
  -1.0650309e+00  -8.4591122e-01
   5.6104035e-02   3.6615368e-01
   2.6581151e-01  -8.4901678e-01
   1.0938788e+00  -2.0686640e-01
  -9.8538589e-01   1.3982704e+00
  -2.2780251e-01  -3.5623304e-01
  -5.4577859e-01  -1.4981295e+00
  -3.4404557e-01  -1.2143133e-01
  -7.5458079e-01   3.0226231e-01
   3.1295363e-02  -4.5516198e-01
  -7.1881791e-01   1.3574493e+00
   5.2504047e-01  -1.5779733e+00
   2.2367111e-01   1.6839675e-01
   5.7148964e-01  -8.6107294e-01
  -8.9616550e-01   8.1875196e-01
   1.2475085e+00   1.1764833e+00
   1.5800687e-02   5.4470023e-01
   5.2255297e-01  -9.4056332e-01
   8.6232405e-02   2.8253855e-01
  -1.1300892e-01   5.4649785e-01
  -2.0306982e-01  -1.6819837e+00
   3.1915282e-02   6.9101471e-01
  -5.5483461e-02  -5.8586550e-02
  -9.6396465e-01  -1.9015954e+00
  -1.8822751e-01  -1.7059676e-01
   3.1200535e-01  -2.2925113e+00
  -6.3922047e-01  -9.7089009e-01
   4.3696337e-02   1.3860236e+00
  -5.1369523e-01  -5.4003462e-01
   7.9515508e-01  -7.1761503e-01
   2.0200179e+00   1.3114168e+00
   1.1933618e+00  -2.2589523e-01
   1.3668503e+00  -5.8761387e-01
   1.4665298e+00  -7.7115844e-01
   7.8795078e-01  -3.4601840e-01
   1.2517736e-01   1.6619290e+00
  -1.0810082e+00   1.7818454e+00
  -1.1795836e+00   1.1353932e+00
  -4.0318449e-01   5.3895962e-01
  -5.0734257e-01  -1.5790501e+00
  -1.5086801e+00   3.9975426e-02
  -2.5235551e-01  -3.8643853e-01
  -9.2524456e-01   6.1695618e-01
  -1.8494523e+00  -1.0365129e+00
  -3.0940434e-01   1.0202166e+00
   3.0980451e-04  -1.6845386e+00
  -1.3543422e+00  -1.0338659e+00
   1.3276952e+00   2.2653090e-01
  -2.0939910e-01   6.6373572e-01
  -5.1971406e-01  -1.4217094e+00
  -7.1962041e-01  -9.4539588e-01
  -9.9448836e-01   6.5949408e-01
   5.8871879e-01  -7.1721431e-01
  -3.9111628e-01   1.5495655e+00
  -1.9516961e-01  -2.4776638e+00
  -1.7814598e-01   1.2392183e-03
   2.4456155e+00   3.2765646e-01
  -4.7345061e-01  -1.1176185e-01
   7.2565398e-01   1.0595841e+00
   5.7404484e-01   9.1060878e-01
  -3.4705070e-02   6.0947839e-01
  -1.0765732e+00   5.5985580e-01
  -1.2222734e+00  -1.2529234e+00
  -6.4378747e-01  -5.7148964e-01
  -9.0639609e-01   7.0127822e-01
  -7.3009544e-01  -1.4191607e+00
   6.2145945e-01  -4.2145887e-02
  -1.1342136e+00  -4.2038269e-01
   1.9680102e+00   3.7611049e-01
   5.4613818e-01   1.6099751e+00
   6.2000601e-02   6.8983515e-01
   8.5391356e-01  -1.8034740e+00
   2.1696500e+00  -1.4612650e-01
   6.2899306e-01  -5.4075164e-01
  -9.8387674e-01   8.9570270e-01
  -1.0950065e+00   6.2108370e-01
  -5.0558158e-01   1.9680102e+00
   6.5334552e-01   1.2611152e+00
  -9.5268641e-01  -3.4207408e-01
   5.9388460e-01   1.2321410e+00
   9.3671303e-01  -2.9966904e-01
  -1.2488588e+00   1.6533615e+00
   7.4882749e-01   1.4765923e+00
  -6.4951518e-01  -1.9169320e+00
  -1.3631821e-02   4.2241411e-01
   1.0655773e+00  -4.2105964e-01
   5.5154062e-01  -1.5239200e-01
  -3.3158167e-01  -7.2247252e-02
   4.9574875e-01  -5.5793745e-02
   1.9864418e-01   4.9589038e-02
  -1.0487839e+00  -6.0500805e-01
   1.2424069e-01  -1.9573800e+00
  -7.7617313e-01  -9.1766606e-01
  -4.7935018e-01  -1.0639390e+00
   1.3450983e+00  -2.1446856e-01
  -1.2164096e+00  -6.4722155e-01
  -4.6470843e-03   2.5587519e-01
   1.1799897e-01  -2.8770106e-01
   5.4505961e-01   1.2177090e+00
   1.1727778e+00   6.3201650e-01
   9.1201660e-01   6.3353039e-01
   4.1936764e-01  -9.5366231e-01
  -1.1697021e+00   2.8221615e-01
  -2.6902233e-01  -5.9536346e-01
   1.8034740e+00   8.6331930e-01
   1.3652751e+00  -3.4395081e-02
   8.9987481e-01   2.8189377e-01
  -6.2823809e-01  -1.2421300e+00
   2.7352216e-01  -2.1351049e+00
   2.3066498e-01  -9.2050180e-01
  -5.2042339e-01  -6.8520376e-02
  -1.4328624e+00  -1.3835990e+00
   2.3321098e-01   2.3034683e-01
  -1.2209667e+00  -3.1265593e-01
   6.6876401e-01  -4.2444728e-01
   2.3798883e-01   1.1883254e+00
   1.1145011e-01   1.9295976e-01
  -1.1587202e+00   1.4143114e-01
  -5.7003121e-01   5.8650968e-01
  -1.1456800e-01  -6.4173553e-02
  -3.8577097e-01  -8.0947290e-02
   2.3480300e-01  -6.1209172e-01
   4.8143636e-01   9.5512786e-01
   6.6103512e-01   6.1620686e-01
   6.2823809e-01  -1.4073865e+00
   5.7587227e-01  -1.5740870e-01
  -2.5587519e-01   8.6242023e-01
   4.1463639e-01   3.7176627e-03
  -1.8997094e+00  -1.8830325e+00
   5.6312010e-01   5.4039310e-01
   6.0017878e-01   3.2210437e-01
  -2.2617657e-02  -1.3908973e+00
   6.5488033e-01   3.9665376e-02
  -6.7303196e-01   1.0113939e+00
   9.0406265e-01  -1.2812699e+00
   7.6699429e-01   5.5515119e-01
  -4.1193698e-01  -6.7225506e-01
   2.5683565e-01  -5.2931233e-01
   5.4937772e-01   5.0382216e-01
   6.6489460e-01  -6.1433505e-01
  -9.3719356e-01  -3.1786536e-01
  -5.3311618e-02   1.2502114e+00
   1.7153987e-01  -6.1695618e-01
  -1.2131699e+00   6.3542479e-01
   1.1448879e+00  -1.4710852e+00
   1.1709310e+00   8.5079506e-01
   8.9801861e-01  -1.1550904e+00
  -1.0113939e+00  -5.2788731e-01
  -6.2597535e-01  -1.3933466e+00
  -1.4557191e+00  -7.2002183e-01
   2.3384772e-01  -1.8444475e-01
  -1.2642642e-01  -6.0873249e-01
   4.1328631e-01   8.1568948e-02
  -1.4812161e+00  -2.1688016e-02
  -3.0258661e-01  -7.0073123e-02
   2.8221615e-01   6.3618319e-01
  -9.7743836e-02   1.1641936e+00
  -7.1921910e-01  -1.5694237e+00
  -1.5812093e+00   1.2645536e+00
  -8.7280205e-01  -2.0085651e-01
   9.9499647e-01   3.7495129e-02
   6.5104617e-01   7.9558015e-01
   4.4077677e-01   1.5154826e+00
   5.2077816e-01   2.8188122e+00
   1.6497265e+00  -4.3055735e-01
   1.0606710e+00   1.6619756e-01
  -1.2791608e+00  -1.9111280e+00
  -5.1935949e-01  -6.4569435e-01
  -1.3900827e+00   1.0732608e+00
  -8.3094151e-01  -1.6682581e-01
   1.4424797e-01   2.7287899e-01
   1.3613518e+00  -2.9745619e-02
   3.1819123e-01   9.0499544e-01
   6.1545788e-01   9.9093876e-01
   1.4683483e+00   8.7098978e-01
  -1.6190998e+00   1.5844620e+00
   3.9345837e-01   1.5772238e-01
   5.7367958e-01   7.0405410e-01
   1.1902105e+00  -6.3050406e-01
   4.3600204e-01  -9.3575263e-01
   6.3922047e-01  -5.4362250e-01
   9.1861049e-01   1.4769233e-01
  -1.6271961e+00  -6.7887174e-01
   7.9685621e-01  -1.1113838e-01
   6.6605438e-01   2.0945268e+00
  -9.1201660e-01   1.2861276e-01
   8.6557004e-01   4.9329806e-01
  -6.4607601e-01  -1.9701631e+00
   1.1225027e+00   2.9643029e-01
   4.0486525e-01   2.2213754e+00
  -1.4638111e+00   1.3382401e+00
  -1.0428956e+00  -1.1920998e+00
   2.5198213e+00   1.1946256e+00
   2.5139614e-01  -9.4009053e-02
   1.1051496e-01  -8.8720343e-02
  -1.4830745e+00   1.6117383e-01
   1.7465988e+00  -4.7622481e-01
   9.1013990e-01   1.2969141e+00
  -7.2565398e-01  -8.3400821e-01
  -1.2736335e-01   1.4208588e+00
   6.9890319e-01   4.0856694e-01
   1.7028242e-01  -1.3420424e+00
   1.9832821e-01  -2.4117708e-01
   3.6350469e-01  -2.5779635e-01
  -5.2681924e-01  -4.1159977e-01
  -1.6305724e-01  -8.6286968e-01
  -9.6040874e-03   1.1820721e+00
   5.9610338e-01  -5.8687766e-01
   6.3353039e-01  -1.4015719e+00
   1.9552803e+00   4.1396125e-01
