   2.1528450e+02   0.0000000e+00
   2.9307330e+02   0.0000000e+00
   2.2723920e+02   1.0000000e+00
   2.6000650e+02   0.0000000e+00
   2.4079240e+02   0.0000000e+00
   2.2663980e+02   0.0000000e+00
   1.4602050e+02   3.0000000e+00
   2.4948360e+02   0.0000000e+00
   2.1874770e+02   0.0000000e+00
   1.2454200e+02   1.0000000e+00
   2.6353620e+02   0.0000000e+00
   2.4179130e+02   1.0000000e+00
   2.0892420e+02   0.0000000e+00
   2.9304000e+02   2.0000000e+00
   2.4322320e+02   0.0000000e+00
   2.7842130e+02   0.0000000e+00
   1.9450530e+02   1.0000000e+00
   2.4442200e+02   0.0000000e+00
   2.4838470e+02   1.0000000e+00
   2.3416560e+02   0.0000000e+00
   3.3186780e+02   0.0000000e+00
   2.5491150e+02   0.0000000e+00
   2.2733910e+02   0.0000000e+00
   2.5884090e+02   0.0000000e+00
   2.1788190e+02   0.0000000e+00
   2.3869440e+02   0.0000000e+00
   2.3829480e+02   0.0000000e+00
   2.5171470e+02   0.0000000e+00
   2.7472500e+02   1.0000000e+00
   2.5148160e+02   0.0000000e+00
   2.3356630e+02   1.0000000e+00
   1.7732250e+02   1.0000000e+00
   2.0206440e+02   0.0000000e+00
   2.1168810e+02   2.0000000e+00
   2.4981670e+02   0.0000000e+00
   2.2917070e+02   0.0000000e+00
   2.3749560e+02   1.0000000e+00
   2.1371940e+02   2.0000000e+00
   2.7166140e+02   0.0000000e+00
   2.3489820e+02   0.0000000e+00
   2.4122520e+02   3.0000000e+00
   2.6583390e+02   0.0000000e+00
   1.8058590e+02   1.0000000e+00
   2.5614360e+02   3.0000000e+00
   2.9983320e+02   0.0000000e+00
   2.0812500e+02   1.0000000e+00
   2.1818160e+02   0.0000000e+00
   9.8068500e+01   2.0000000e+00
   2.1525120e+02   0.0000000e+00
   2.3972670e+02   0.0000000e+00
   1.6676640e+02   0.0000000e+00
   2.1155490e+02   1.0000000e+00
   2.8544760e+02   0.0000000e+00
   2.1208770e+02   0.0000000e+00
   1.4985000e+02   4.0000000e+00
   2.7712260e+02   1.0000000e+00
   2.3166810e+02   1.0000000e+00
