   1.1082666e-01  -1.9307316e+00
   3.6350469e-01  -4.2716089e-01
   7.2404245e-01   8.7825616e-01
  -2.1541969e-01  -1.0275424e+00
  -5.6312010e-01  -2.5555509e-01
  -2.2287406e+00   2.5273023e+00
  -1.0444979e+00  -3.8677237e-01
  -1.9075085e-01   1.9232855e-01
  -7.8120742e-01  -2.0059211e+00
  -1.4849380e+00  -4.5447486e-01
   5.5695920e-01   1.1826953e+00
   1.4566135e+00  -1.4581337e-01
   2.5811663e-01  -3.4043219e-01
  -2.7315718e+00  -6.2823809e-01
  -9.2762376e-01   1.6494123e-01
  -1.2486512e-01  -1.1082666e-01
   8.9292993e-01   4.4282615e-01
   4.6797556e-02  -2.3130134e-01
  -9.7836225e-01  -3.9355329e-02
  -1.1593266e+00  -1.2281796e+00
   1.9295976e-01  -6.4264446e-01
   9.5073733e-01   1.8588281e-03
   6.1059788e-01  -7.2162868e-01
  -5.9869566e-01   2.2968212e+00
   2.3473024e+00   1.2448148e+00
  -1.0434294e+00  -5.7550663e-01
  -1.0926823e-01  -7.3179126e-02
   4.2851888e-01  -1.0365129e+00
  -1.8704145e+00   1.3150859e+00
  -1.0787880e+00  -8.1442796e-01
  -7.7826836e-01  -2.6516968e-01
   6.4569435e-01   6.2786075e-01
  -2.8286099e-01   1.0727099e+00
   1.0349238e+00  -5.0101032e-01
  -2.4500622e-01   1.5086801e+00
  -6.0166321e-01  -2.9966904e-01
  -3.8476996e-01  -6.5641670e-01
  -4.3634276e-01   5.8063263e-01
  -1.7595610e+00   3.0422346e+00
  -5.3430842e-01  -8.5610505e-02
   4.6653095e-01  -3.0745497e-01
   3.8443637e-01  -1.4896195e+00
   1.1478763e+00  -3.7511315e-01
   2.2430646e-01  -9.5317425e-01
   7.6408729e-01  -1.1496742e+00
  -9.9245848e-01   1.7027387e+00
  -1.1820721e+00  -1.3299424e+00
   2.5716608e-02   4.1159977e-01
  -8.8409321e-02  -1.4775146e+00
  -8.2178789e-01  -3.5788402e-01
  -1.0241424e-01  -1.1115183e+00
  -1.0011139e+00   1.5077140e+00
   3.6875092e-02  -1.4539338e+00
   2.2400203e+00  -1.2673872e-01
  -2.2398878e-01   1.4048887e+00
  -1.9327333e+00  -1.8650968e+00
   6.3277326e-01   6.0798693e-01
   7.0365721e-01   5.0663799e-01
   5.6312010e-01  -9.8891600e-01
   5.8586550e-02  -7.7868781e-01
  -2.1086230e+00   5.7441017e-01
  -7.0922375e-01  -4.2072114e-01
  -7.0365721e-01   8.4366803e-02
   1.3019590e+00   2.1688016e-02
   2.0345278e+00  -2.4947810e-01
  -7.9770764e-01   1.8903796e+00
  -6.5603246e-01  -7.5043065e-02
  -6.1209172e-01   3.7805153e-02
   4.5619308e-01   2.4334697e+00
   1.2454873e+00  -4.5104243e-01
  -3.0161380e-01   6.3618319e-01
   1.6494123e-01  -1.2883418e+00
  -1.2196621e+00  -5.7655565e-02
   2.0844918e-01   2.0528413e-01
   1.3558941e+00   8.6602071e-01
  -8.4812864e-01  -5.5793745e-02
  -2.1828804e+00  -5.1829618e-01
   2.4756098e-01  -3.0031717e-01
  -1.8210798e+00  -5.6094323e-01
  -6.3618319e-01  -1.9674867e-01
   3.6019704e-01   1.9034881e+00
  -9.6101071e-01  -5.4039310e-01
   1.0207380e+00  -1.5253238e+00
   1.0938788e+00   4.7900268e-01
  -1.3005142e+00  -1.2434713e+00
   1.2203141e+00  -1.0223041e+00
  -3.4141721e-01  -6.9219523e-01
   8.9941047e-01  -1.3990943e+00
  -1.3548815e-01  -7.2323739e-01
  -4.8805649e-01  -1.7215209e+00
   2.2684877e-01  -3.1070458e-01
  -5.1475602e-01   1.4905597e+00
  -8.2788260e-01   4.9154937e-01
   1.6368517e-01   1.1733942e+00
  -2.2176561e-01   7.8036700e-01
  -1.1514759e+00  -1.7925549e+00
  -1.1145011e-01   3.9949083e-01
   1.9169320e+00   5.6166856e-01
  -1.3423761e-01   6.3580395e-01
  -1.5897723e-01   8.0282843e-01
  -4.2145887e-02  -8.6331930e-01
  -1.1484752e+00   1.4720000e+00
  -7.8626159e-01  -7.8288992e-01
  -7.6160070e-01  -1.2183595e+00
   4.8039301e-01  -4.9589038e-02
   1.6631630e+00  -2.2748457e-01
   2.0338609e-01   3.7079562e-01
  -1.5395930e-01   6.1883102e-01
   8.4369795e-01   3.6284285e-01
   1.2407910e+00  -1.1120931e+00
   6.8434316e-01   3.4174563e-01
  -1.3435688e+00   2.3055714e+00
   4.4624594e-01   2.2141288e+00
  -3.4371690e-01   7.4677874e-01
   8.9108522e-01   6.4645776e-01
   5.2077816e-01   7.3252413e-01
   2.5459494e-01  -2.8195946e-02
   5.6893818e-01  -1.6156623e+00
   5.4470023e-01  -3.5524292e-01
  -1.0972662e+00   1.5954272e+00
  -1.5779733e+00  -4.5557016e-02
  -1.7122548e-01  -1.4057203e+00
   6.0835967e-01  -9.0173412e-01
   8.5748775e-01   1.8426421e+00
   2.0444445e+00   8.9987481e-01
   6.7899324e-02   2.6484880e-01
  -1.7014199e+00   2.7287899e-01
   6.9180162e-01  -5.3109513e-01
  -1.4433180e+00   8.1745316e-01
  -1.2508885e+00   2.5107641e-01
   2.3775777e+00   1.0249197e+00
   5.2691138e-02   3.4076049e-01
   7.3130924e-01   6.8434316e-01
  -1.8443366e+00   5.8276216e-02
   1.2475085e+00   6.7653306e-01
  -2.9125473e-01  -2.1541969e-01
  -6.1321300e-01   6.7588808e-02
   1.6706204e+00  -1.0082987e+00
   1.2897640e+00   8.7325557e-01
   1.5164601e+00   8.7189556e-01
  -7.7952713e-01   7.5953214e-01
  -8.9894633e-01  -1.0011139e+00
   1.1727778e+00   5.1157539e-01
  -9.5806515e-01   3.4536064e-01
   1.7910124e+00   1.6588345e-01
  -1.4124086e+00  -2.1896416e+00
   2.2303585e-01   7.6949118e-01
   1.9367600e+00   3.7544555e-01
  -4.4693052e-01   2.0129195e+00
  -3.4010392e-01   2.5075669e-01
   5.1794187e-01  -2.2715765e+00
  -6.2937067e-01  -7.2726739e-01
   1.7353182e+00   7.9260769e-01
   1.3392501e-01   2.2367111e-01
  -1.7395225e+00  -6.1283916e-01
  -4.1632505e-01   6.5564832e-01
  -2.4456155e+00   5.1334177e-01
  -1.2707806e+00   2.8028233e-01
  -2.8834691e-01   2.5929107e+00
  -5.7660378e-01   1.7160926e+00
  -2.1986091e-01   5.1900499e-01
   1.6948699e+00  -2.3857210e-02
   1.0716090e+00  -6.6798933e-01
   7.5664159e-01  -1.0677529e-01
   6.3390909e-01   1.7783123e-01
  -1.1389417e+00   1.8546168e+00
   3.3649537e-01   1.9287376e+00
  -8.9108522e-01   3.3354618e-01
   1.3723905e+00   1.0098451e+00
   5.2290812e-01  -4.5722466e-01
   2.0212114e-01  -7.1081823e-01
   7.5911881e-01   4.9504825e-01
  -1.4157766e+00   6.8395167e-01
  -6.5334552e-01   4.9329806e-01
  -1.2919021e+00   1.1799897e-01
   2.7287899e-01  -2.3735148e-01
  -2.6998612e-01   1.1629743e+00
  -2.2875646e-01  -2.2675067e+00
   4.5894504e-01  -1.1752463e+00
  -4.5557016e-02  -1.1820721e+00
  -1.5536955e+00  -9.5806515e-01
   4.6307951e-01   6.1695618e-01
   3.5945062e-02   7.1201527e-01
   6.7109047e-01  -3.5986649e-01
  -1.0312261e+00  -4.0621067e-01
   5.2468491e-01  -7.3983630e-01
  -4.3293782e-01   8.0197350e-01
  -1.3876445e+00  -5.4793722e-01
  -1.1709310e+00   1.9208375e+00
  -3.8010362e-01  -4.3463966e-01
   1.3803789e+00  -6.9062142e-01
  -6.8473476e-01   1.0615216e-01
   7.9303190e-01  -2.3990423e+00
   2.4912293e+00   4.0116909e-01
   6.8944218e-01   2.7609597e-01
   2.2927542e-02   7.2404245e-01
   4.3191732e-01   7.4350724e-01
  -4.5241476e-01   4.5516198e-01
   1.2381196e+00   1.5038636e+00
   1.0683142e+00  -9.2142157e-02
  -7.0763107e-01   2.8866988e-01
   6.5603246e-01  -2.8479622e-01
   1.2631765e+00   8.3269295e-01
  -6.4531279e-01   1.9637315e+00
  -5.4218651e-01  -1.3389990e+00
  -1.6306988e+00  -5.8761387e-01
  -2.6934357e-01   5.1829618e-01
   7.1002076e-01   1.3958042e+00
  -1.8477417e+00   7.8752827e-01
   8.8694568e-01  -4.1531171e-01
  -9.5219880e-01   2.0813258e-01
  -1.7279759e-01  -2.0686640e-01
  -2.9934503e-01  -3.5689332e-01
  -6.9811239e-01  -9.6248663e-01
   8.5302171e-01   6.5833933e-01
  -4.4932821e-01   1.1908398e+00
   9.7686345e-01   4.3498018e-01
  -2.3289265e-01  -2.2362287e+00
   8.1702053e-01  -1.0113939e+00
  -4.4936773e-02  -1.0749155e+00
   1.1643927e-01   1.0343947e+00
   2.2462417e-01  -6.2333953e-01
   7.7868781e-01   2.3257434e-01
   6.7225506e-01  -1.0503961e+00
  -1.5790501e+00  -8.6017560e-01
  -2.8356689e+00  -4.6238988e-01
   4.8317644e-01   1.1460820e+00
   1.7610197e+00   1.4486055e+00
  -1.3892823e-01   8.2657400e-01
  -1.5434198e+00  -1.0428302e-01
  -1.4082210e+00  -1.0705094e+00
   1.6449135e+00   3.5600513e+00
   1.0743636e+00  -4.3021748e-01
   5.9019313e-01   4.5997792e-01
   1.0103611e+00   3.6648499e-01
  -1.8940918e+00  -9.9856046e-01
  -2.4692214e-01  -1.6306988e+00
  -1.3941654e-02   4.8387289e-01
   6.1134463e-01  -1.1395345e+00
   1.4111823e-01   4.6445942e-01
  -1.2354570e+00   5.9019313e-01
  -1.6743842e+00  -6.8277782e-01
  -1.3092239e+00   3.3059989e-01
  -1.3767711e-01  -8.8465249e-01
   3.0907937e-01   7.7784904e-01
   1.1814493e+00  -9.2192245e-01
  -6.6180623e-01  -6.2635225e-01
  -5.6711797e-01  -4.3157725e-01
   1.0291194e+00  -7.3009544e-01
   2.3735148e-01  -7.7115844e-01
  -7.6491720e-01   8.1011913e-01
   9.4491163e-01   9.9958107e-01
  -4.1429880e-01   8.9339158e-01
  -1.2049509e-01  -1.2933308e+00
  -1.1283388e+00  -7.0524542e-01
  -6.4760358e-01   8.3050404e-01
   4.7310409e-01   1.7215209e+00
  -3.7644302e-01   1.5536955e+00
  -7.1255640e-03  -1.7940516e-01
   8.9616550e-01  -8.7189556e-01
   1.3412804e+00   4.4077677e-01
  -4.0924058e-01  -1.1952582e+00
   9.6150245e-01   1.3121493e+00
   8.3620353e-01  -4.4727289e-01
   1.0459452e-01   9.9611735e-02
   8.9987481e-01  -1.4023996e+00
   6.2033245e-01   8.5435974e-01
   5.5298398e-01  -6.5795461e-01
   7.7575450e-01   5.4685758e-01
  -7.2807481e-01   1.8082202e+00
  -4.6177277e-02  -3.8877634e-01
  -9.6791636e-01  -6.3012617e-01
   1.3329491e+00  -6.3201650e-01
   1.1238536e-01  -1.3660623e+00
  -1.6020995e+00   1.0366005e-01
  -4.3702436e-01   4.3055735e-01
  -9.6593862e-01   4.2817931e-01
   2.0105757e+00   7.3739453e-01
   1.0754677e+00   7.5046875e-01
   1.0732608e+00  -4.2241411e-01
  -1.0179139e-01  -1.2693926e+00
   8.4060629e-01   6.7926188e-01
  -7.1481235e-01  -2.5811663e-01
   1.1697021e+00   4.1362376e-01
   4.1598722e-01  -7.4732391e-02
  -9.7736281e-01   7.9855965e-01
   3.0680543e-01   1.5019841e-01
  -9.6187514e-02  -2.2303585e-01
  -7.9515508e-01  -9.6347174e-01
  -5.1935949e-01   1.1463018e-02
   9.9703149e-01   1.0557900e+00
  -1.3747778e+00   2.1383458e-01
   1.6020995e+00  -9.2764420e-02
  -1.1359836e+00  -1.7248314e-01
   2.3289265e-01   5.2468491e-01
   8.5614615e-01  -5.0030798e-01
   2.0248073e+00   1.7659775e-02
   1.2911887e+00  -6.4531279e-01
   1.2354570e+00   4.4180123e-01
  -8.8740488e-01  -1.4040580e+00
   9.0275582e-02   7.4146659e-01
  -1.6509357e+00   7.1561254e-01
  -6.6257773e-01  -1.8728157e-01
   2.0654990e-01  -2.3671421e-01
  -3.2471587e-01   1.5223560e+00
  -8.9941047e-01  -2.9416501e-01
  -6.9140811e-01   6.2446864e-01
   8.6152186e-01  -2.7576096e-02
  -7.2283504e-01  -4.4795779e-01
   3.5359349e-01  -8.8694568e-01
  -2.8802397e-01   1.7743191e+00
  -5.8586550e-02   1.1955896e-01
  -5.7550663e-01  -1.1178613e+00
   1.9106635e-01  -1.2414602e+00
   5.9721387e-01  -3.1135490e-01
  -2.0971578e-01   6.5296205e-01
  -3.9111628e-01   2.1637102e-01
  -2.7867161e-01   1.0843370e-02
  -2.6019492e+00   1.9864418e-01
   1.0655773e+00   1.1569034e+00
  -1.3352121e+00  -1.8980445e-01
   1.1764833e+00   5.2361864e-01
   9.1208830e-02  -1.9877245e+00
   9.4976414e-01  -8.6376910e-01
  -1.7814598e-01  -2.7577415e-01
  -2.4710484e+00   1.4124086e+00
   4.9399795e-01  -1.1283388e+00
   1.3958042e+00   6.5028048e-01
   5.5876902e-01   8.0496831e-01
  -8.6543368e-02  -5.3860142e-01
   3.2406279e-01  -7.0286377e-01
   1.5154826e+00   2.9643029e-01
  -4.4830032e-01  -3.9781370e-01
   1.6179519e+00  -1.6871046e+00
   2.0623343e-01   7.2807481e-01
   9.7138654e-01   8.6017560e-01
   3.1558518e-01   6.3542479e-01
  -2.9772542e-01  -1.8570538e-01
  -1.4647161e+00   1.0144987e+00
  -1.3574493e+00   2.4724154e-01
  -8.9200720e-01  -1.4132491e+00
  -4.6687640e-01  -7.3698799e-01
  -5.5768291e-01  -6.3884048e-01
   9.5565050e-02  -2.5715586e-01
  -7.5334584e-01  -2.3935720e+00
   1.6337120e-01  -5.0734257e-01
  -8.5972720e-01   1.1143959e+00
   4.2546452e-01   7.3455134e-01
   4.9574875e-01  -1.4115691e+00
   5.5117995e-01   6.4531279e-01
   2.0862648e+00   1.3876445e+00
  -5.0171291e-01  -4.8348333e-02
   6.0798693e-01   2.1997894e-02
   1.2394542e+00   1.2529234e+00
  -2.2715765e+00  -3.2031069e+00
   1.2080127e+00   8.6331930e-01
  -2.9643029e-01  -1.8309259e+00
   3.0031717e-01  -1.5154826e+00
   1.9327539e-01   5.2290812e-01
   9.8538589e-01   7.7742986e-01
   1.4174666e+00   2.9675403e-01
   3.8010362e-01  -6.8160490e-01
  -2.0338609e-01  -4.7518406e-01
  -2.6741658e-01  -1.8885823e-01
  -5.5226216e-01   1.9169320e+00
   8.4458276e-01  -9.8989064e-02
  -7.3252413e-01   9.4491163e-01
  -1.4015719e+00  -4.7865525e-01
  -8.5569929e-01  -3.1558518e-01
  -3.5854469e-01   4.8770753e-01
  -1.3298729e-01  -2.6164153e-01
  -2.0754657e+00  -1.3128824e+00
   5.8798210e-01   5.4577859e-01
   5.1546354e-01  -7.5622918e-01
   2.9384153e-01  -2.1411981e+00
  -1.3566713e+00   2.1068265e-02
  -1.8757857e+00  -7.2565398e-01
  -1.8903796e+00   1.8098113e+00
  -6.1396095e-01  -7.1561254e-01
  -1.1401277e+00  -9.3911783e-01
  -6.9613730e-01  -3.4865094e-01
   6.5411273e-01  -5.3788523e-01
   8.7689019e-01   8.7053716e-01
   7.9685621e-01   4.8422120e-01
   1.0085719e-01   1.7508869e+00
   1.8854286e-01  -6.4226365e-01
  -9.6248663e-01   1.3306929e+00
  -8.1442796e-01   8.6286968e-01
  -4.6797556e-02   1.4821446e+00
   1.0144987e+00   2.5363503e-01
  -1.1063617e+00  -1.0961357e+00
  -7.5293444e-01  -1.3917128e+00
   9.2476935e-01   1.0490603e-01
  -2.3522005e+00  -3.9949083e-01
   4.3395877e-01   1.5588954e+00
   5.1581739e-01   8.9154612e-01
   3.1295363e-02  -9.3431363e-01
  -2.5587310e+00  -6.3922047e-01
   4.8352463e-01   1.1332072e-01
  -2.0890030e+00  -1.4251490e-02
   1.4371998e+00  -1.9518923e-02
  -6.9890319e-01  -4.9820243e-01
   2.1729221e+00   2.3894505e-01
   5.4829723e-01  -1.0000918e+00
   1.9810672e+00  -3.0365508e-02
   1.0052132e+00   8.2788260e-01
   1.3497058e+00   8.5921451e-02
   6.4150229e-01  -1.1155495e+00
   7.0802907e-01   1.3811825e+00
  -5.1758763e-01  -1.4424797e-01
  -7.4024369e-01   1.0272568e-01
   6.9416492e-01  -1.8381455e-01
   9.3697881e-02   4.7206487e-01
   1.1799897e-01   3.7185109e-02
   7.9430538e-01   1.7654182e+00
   2.1696500e+00   8.6107294e-01
   8.6827672e-01  -2.0022431e-01
  -9.6841138e-01   1.1612737e-01
   5.3932118e-02   5.5009840e-01
  -1.0487839e+00   5.0347046e-01
   8.3094151e-01  -1.0957990e-01
  -1.4747517e+00  -4.8596363e-01
  -6.5718546e-01  -2.8720173e+00
   3.3715114e-01  -1.4017958e-01
  -1.3412804e+00   5.3752724e-01
  -8.2439616e-01   6.4416866e-01
   1.7688709e-01   1.4548259e+00
   1.3715965e+00   4.0251251e-01
  -1.0541687e+00  -1.3019590e+00
   3.3780706e-01   1.1353932e+00
  -3.1884308e-01   2.7867161e-01
   1.7185428e-01  -4.2376936e-01
  -3.7544555e-01   7.4964786e-01
  -1.2529234e+00  -1.5413841e+00
   7.3658158e-01  -2.8511886e-01
   7.0405410e-01   6.8157519e-03
   1.7758163e+00   1.0026492e+00
   1.4638111e+00   7.7115844e-01
   1.5844620e+00   6.3808080e-01
  -2.6026517e-02  -1.6965380e-01
  -1.0160549e+00   3.2112563e-01
   8.2091971e-01   6.2823809e-01
  -2.1504897e+00  -5.4721739e-01
   6.7264346e-01  -5.9517585e-02
   7.6325790e-01   2.3193779e-01
  -1.0921897e+00  -1.3172959e+00
   2.4979771e-01  -1.9130555e+00
   4.1869117e-01  -2.6404007e+00
   6.5756999e-01   9.8186802e-01
   2.3990149e-01  -9.4249370e-01
   8.3708278e-01   1.6368517e-01
  -1.6570184e+00  -3.9680795e-01
  -1.3012362e+00   3.6847366e-01
   1.6668801e+00  -1.1487985e-01
   5.0769496e-01   9.1154712e-01
  -1.0615216e-01   5.7965888e-02
   4.5001374e-01   1.0459452e-01
   1.6088439e+00  -3.8476996e-01
   1.3621348e+00   1.1312713e+00
  -2.2069966e+00  -9.6101071e-01
   6.2823809e-01  -1.4612650e-01
   1.1737506e-01  -1.7053852e+00
  -1.3136162e+00   1.2392849e-01
   5.0519616e-02   8.4060629e-01
   1.1599335e+00   5.5483461e-02
   7.1361292e-01   3.1395748e-01
   1.4406893e+00   4.6032232e-01
   3.3879121e-01  -7.5252318e-01
  -7.7282784e-01  -7.5211204e-01
  -2.0444445e+00   1.2961961e+00
  -1.7972000e-01  -2.0675224e+00
  -7.1681369e-01  -1.7713365e+00
   9.4733510e-01  -1.2923754e-01
  -6.3846060e-01  -1.0938788e+00
  -1.1318590e+00   2.0728034e+00
   1.0036740e+00   7.0484820e-01
  -1.2673872e-01  -2.8318345e-01
   1.0710591e+00   4.9434799e-01
  -1.0116858e-01  -1.0129451e+00
  -5.0628579e-01  -1.6681243e+00
   6.4226365e-01  -2.7545235e-01
  -4.1970594e-01   6.8591019e-01
   2.3066498e-01   6.1958156e-01
  -1.2294979e+00  -4.6618556e-01
  -1.0461029e+00  -1.7595610e+00
   5.6724631e-02   1.9854956e+00
  -1.0837908e+00   2.1930601e+00
  -2.7188724e+00   8.7689019e-01
   1.5834977e-01  -3.7544555e-01
   1.0490603e-01  -5.7880017e-01
   2.6581151e-01  -1.6283614e+00
  -1.3173716e-01  -2.6947160e+00
   1.0054581e-01  -1.0732608e+00
  -3.0518217e-01   1.8003323e+00
   6.4264446e-01  -1.0972662e+00
   1.7940516e-01  -7.2686386e-01
  -5.0136158e-01  -1.6693710e+00
   2.4245307e-01  -1.8602058e-01
  -1.1057905e+00   6.8238674e-01
  -2.4776638e+00   7.6367253e-01
  -1.4692594e+00  -1.9359105e-01
  -1.8292725e+00   1.6389504e+00
  -8.1961860e-01   6.2145945e-01
  -3.0064128e-01   1.0926823e-01
   4.1531171e-01  -3.6814211e-01
   1.1709310e+00  -4.3736523e-01
   3.7179135e-01  -6.2621414e-02
   8.0411191e-01   5.1617131e-01
   1.0584986e+00  -1.2144642e+00
  -7.9048879e-01   7.8204840e-01
   3.3846312e-01   7.6824214e-01
   1.3055828e+00   7.7659190e-01
   2.7416544e-01   9.0266495e-01
   1.0016254e+00   7.8795078e-01
   5.7367958e-01   2.8027203e+00
   1.3048725e-01   3.2243069e-01
  -1.0471744e+00  -3.9044751e-01
  -1.2392183e-03   1.1914696e+00
  -7.3171409e-01  -3.1851714e-01
   5.0136158e-01  -1.3374819e+00
   1.9111280e+00   3.5095640e-01
   2.4022035e-01  -7.6408729e-01
  -2.0394611e+00  -6.8473476e-01
   1.4800553e-01   7.1641319e-01
   1.2805662e+00   1.5413841e+00
   3.6549120e-01  -1.0672185e+00
   1.2367872e+00  -4.1362376e-01
   6.3242251e-02   1.7451765e+00
   9.8366431e-02   7.2082502e-01
  -3.3125437e-01  -9.3863644e-01
   4.7068004e-01  -4.8658502e-02
   3.6880524e-01   2.2017830e-01
  -9.7121279e-02  -1.0771264e+00
   1.8696629e-01  -1.4925852e-01
   1.5800687e-02  -3.9982639e-01
   1.7080437e+00  -1.5866349e-01
   1.5495655e+00   5.7550663e-01
   1.3590078e+00   1.8129447e-01
  -5.0734257e-01  -6.7031458e-01
  -1.5932188e+00   9.4008127e-01
  -1.6533615e+00   2.6260342e-01
   5.5370610e-01   1.0052132e+00
   2.3830755e-01   5.2255297e-01
   6.6142062e-01   7.4391574e-01
  -5.5262303e-01   1.8854286e-01
  -6.4150229e-01  -1.3079971e-01
  -2.7834956e-01  -1.4494907e+00
   7.2243280e-01  -8.9062452e-01
   1.4971786e+00   1.4017958e-01
   8.7734533e-01  -2.1478558e-01
   3.6516001e-01  -1.1544870e+00
  -1.1808269e+00  -5.9943705e-01
  -1.8286938e-01   1.3392501e-01
  -2.9351807e-01   9.0499544e-01
  -4.4111820e-01   3.5689332e-01
   3.3256376e-01  -1.3582282e+00
   8.9200720e-01   1.1684749e+00
   8.8099303e-01  -6.7692259e-01
  -9.7039387e-01  -8.9987481e-01
   1.2428003e+00   1.3771730e+00
  -1.3731854e+00  -8.9292993e-01
   5.3359388e-01   1.1149725e+00
   5.5587418e-01   4.7518406e-01
  -3.4470303e-01  -1.7508869e+00
   5.1617131e-01  -7.4024369e-01
   9.0779853e-01   2.1378139e-02
  -1.8980445e-01  -4.6376935e-01
  -1.7311443e+00  -3.7577800e-01
  -1.0895658e-01  -6.1209172e-01
   1.7465988e+00   1.4032283e+00
   7.4421724e-02   1.6337120e-01
   3.7444846e-01   1.3908973e+00
   9.1342623e-01  -1.0062406e+00
  -1.0466385e+00   3.7311958e-01
   1.2954788e+00   1.2381196e+00
  -1.6682581e-01  -3.3682324e-01
   4.7171858e-01   1.0306990e+00
  -4.5516198e-01  -7.6865835e-01
   2.1954353e-01   3.0226231e-01
  -7.0882541e-01   7.6450218e-01
  -9.8989064e-02  -2.6720367e+00
   4.5138544e-01   1.8589341e-02
  -2.8533721e+00  -2.2213754e+00
  -9.4588035e-01  -5.5478981e-01
  -1.1312713e+00   1.7566549e+00
   8.4016528e-01  -7.0009021e-01
   7.2484798e-01  -3.3775112e-02
   2.7899370e-01  -2.6260342e-01
   3.4078562e-03  -1.4518717e-01
  -6.5641670e-01   5.0628579e-01
   7.8837343e-01   6.8160490e-01
  -2.0176404e+00   6.3390909e-01
   7.2363986e-01   7.2726739e-01
   1.0989157e-01  -5.2575178e-01
  -2.6484880e-01  -1.7987681e+00
   3.2014719e-01   9.6810014e-02
  -1.5609873e+00   1.0899425e+00
  -1.6845386e+00   3.2604522e+00
  -4.0083335e-01   6.4226365e-01
  -3.7046379e-01  -1.8793968e+00
  -6.5564832e-01  -7.4882749e-01
  -1.1990641e+00   1.1833190e+00
  -1.6525529e-01  -6.7458699e-01
  -1.3389990e+00  -1.1771025e+00
   9.4152807e-01   2.3289265e-01
   4.6487415e-02   3.7444846e-01
  -8.4369795e-01   2.6420713e-01
   1.3644887e+00   1.1820721e+00
   1.3517550e-01  -7.7617313e-01
  -2.9999309e-01  -9.4733510e-01
  -5.6420953e-01   4.1261155e-01
  -7.6533236e-01   6.9062142e-01
   3.3485657e-01  -7.4269061e-01
   1.1138196e+00   1.0176134e+00
   1.9899633e+00   9.7786241e-01
   5.5515119e-01  -7.7839465e-02
  -2.2971061e-01  -1.2548961e-01
   6.2145945e-01  -7.9393282e-02
  -1.4023996e+00   4.4214282e-01
   4.3804713e-01  -7.7282784e-01
  -4.3089726e-01  -6.7109047e-01
   3.6218116e-01  -1.8477417e+00
   1.0972662e+00   7.0286377e-01
   2.5406703e-02   2.4022035e-01
   1.2235822e+00  -7.6907265e-02
  -6.7692259e-01  -1.2961961e+00
   2.3935720e+00   7.2323739e-01
   5.8650968e-01   7.9600536e-01
  -1.7480246e+00  -1.8279484e-02
  -2.3282534e+00   1.2563264e+00
  -1.3803789e+00   6.3201650e-01
  -8.9062452e-01  -1.2770573e+00
  -4.8875459e-01   1.5194015e+00
  -1.4611031e+00   2.3828417e+00
  -8.4635437e-01  -2.7867161e-01
  -1.3079971e-01  -5.7843391e-01
   2.1859155e-01  -8.6421907e-01
   4.0991440e-01  -8.5079506e-01
   1.4871164e-02  -8.3006674e-01
   2.9435679e-02   3.9647280e-01
  -1.3629186e+00  -5.6724631e-02
   7.0922375e-01  -2.4149604e-01
  -2.1478558e-01  -1.3466309e+00
  -1.3329985e-01   1.4593038e+00
   1.1000988e+00  -6.6837662e-01
  -2.2367111e-01   8.9941047e-01
   8.2501495e-02  -2.4851943e-01
  -9.3671303e-01  -2.6324482e-01
   5.6930244e-01   9.6187514e-02
  -2.5747609e-01  -1.6948699e+00
  -1.4539338e+00  -1.8791218e-01
  -1.7818454e+00  -5.2326335e-01
  -1.3543422e+00  -5.5804487e-01
  -3.1493400e-01   3.9011319e-01
  -1.1746285e+00   2.2843845e-01
  -1.3486286e-01   1.6776833e-01
   4.7275763e-01  -9.3527275e-01
  -1.9201297e-01  -1.2508885e+00
  -1.3924105e-01   4.5928927e-01
  -1.2728673e+00   7.1315441e-02
  -1.2190105e+00  -1.7499926e-01
  -8.4857263e-01   2.1827427e-01
   1.0639390e+00   6.6346808e-02
  -2.4532548e-01  -3.6317375e-01
   2.0465137e-01  -5.9019313e-01
   8.9964516e-02  -4.9189899e-01
  -4.6204515e-01   1.1502743e+00
   1.4015719e+00  -2.6956256e-02
   1.2997928e+00   9.5122426e-01
  -1.3755753e+00  -1.7788228e+00
   6.9022823e-01   1.3202526e+00
   7.2847870e-01   1.1283388e+00
  -3.2700275e-01   3.8744019e-01
  -1.5464854e+00  -4.2580369e-01
  -1.4380705e+00   1.6871046e+00
   4.9820243e-01  -1.1971590e+00
   1.3582282e+00  -2.4181503e-01
   1.5646777e-01  -2.5587519e-01
   4.2275285e-01   3.9665376e-02
  -2.8815807e-02  -8.0754104e-01
  -1.7894741e+00  -1.1581142e+00
  -1.4065529e+00   5.3609597e-01
   6.5296205e-01  -8.5124006e-01
  -7.0009021e-01  -4.1294891e-01
   1.1460820e+00  -6.0277741e-01
   1.5333234e-01   5.8982442e-01
  -1.2904760e+00  -5.0311883e-01
  -1.8775882e+00  -6.4173553e-02
   2.5747609e-01   3.5590296e-01
   2.0022431e-01  -4.6825876e-01
   1.6156623e+00   5.2753122e-01
  -1.1383493e+00  -1.2347927e+00
   4.2376936e-01  -8.9616550e-01
  -8.3532492e-01   1.3423761e-01
  -1.1155495e+00  -1.3621348e+00
  -1.1029402e+00   9.0275582e-02
   3.9045287e-02   1.1771025e+00
  -6.6566769e-01  -4.5928927e-01
  -2.4404860e-01   1.6570184e+00
  -5.4326340e-01  -1.7080437e+00
  -7.7074142e-01  -6.9180162e-01
   1.3466309e+00  -2.8608696e-01
   7.9175970e-01   7.2002183e-01
   5.5262303e-01   1.2262061e+00
   5.2824346e-01  -7.0088211e-01
   2.2113062e-01  -1.0533548e-02
  -8.0154626e-01   4.6514971e-01
   7.2444516e-01  -3.6085825e-01
  -2.4883896e-01  -2.0394611e+00
  -5.3538074e-01   1.8704145e+00
   4.8348333e-02   3.3715114e-01
   7.3902188e-01  -1.5273099e+00
   1.5768983e+00  -4.1598722e-01
  -1.9877245e+00   1.7698511e+00
   4.7241122e-01  -1.4098931e+00
   1.1502743e+00   5.0522957e-01
  -5.4075164e-01   1.4729160e+00
   8.9154612e-01   1.0077838e+00
  -6.0017878e-01  -1.7494540e+00
  -6.2108370e-01  -1.7848844e+00
  -1.4302728e+00   8.0411191e-01
   1.2969141e+00  -1.6077148e+00
   1.1772843e-02  -1.3158219e+00
   1.0233495e+00   7.0842719e-01
  -3.3289120e-01  -1.2756582e+00
  -4.7657184e-01  -4.9890404e-01
  -9.4539588e-01  -2.6484880e-01
  -1.4775146e+00  -5.3931788e-01
   6.9141455e-02  -6.7303196e-01
   1.3458642e+00  -1.3767711e-01
  -9.7536685e-01   1.1109439e+00
  -5.7770163e-01   1.2424069e-01
  -5.7514107e-01  -2.1034921e-01
  -2.9093152e-01  -6.1770586e-01
  -9.9398051e-01   2.0545664e+00
  -3.4705070e-02   1.6706204e+00
  -1.5086801e+00  -1.2092989e+00
  -4.6584022e-01   1.6743842e+00
   6.3466676e-01   1.8848598e+00
  -1.0849063e+00   3.5293399e-01
   3.1982111e-01  -1.4073865e+00
  -1.1721617e+00   1.4539338e+00
  -4.0587425e-01  -1.0765732e+00
   7.7659190e-01  -2.1664010e+00
   3.7311958e-01  -1.5048241e+00
  -6.1733098e-01   9.8337419e-01
  -5.8276216e-02  -3.5722351e-01
  -4.8840551e-01   4.7830787e-01
  -1.1456800e-01   1.0905038e+00
  -9.4879185e-01   3.4043219e-01
  -5.7294930e-01  -6.7887174e-01
  -9.6742157e-01   4.8178426e-01
   1.4769233e-01  -2.5096799e-02
   1.7925549e+00  -5.2042339e-01
   1.9130555e+00   1.0771264e+00
  -5.5515119e-01  -2.8899288e-01
  -1.0633936e+00  -4.9504825e-01
  -5.0829819e-02  -2.0148878e-01
  -3.6781061e-01   1.3933466e+00
   1.5747537e+00  -2.9125741e-02
  -3.7577800e-01   1.5609873e+00
  -1.0843370e-02  -1.2798632e+00
   9.7188324e-01   2.0212114e-01
  -2.3384772e-01  -7.0484820e-01
   2.1828804e+00   1.1269714e-01
   2.4404860e-01  -6.9377076e-01
  -1.7683696e+00   3.5557292e-01
   6.7614364e-01  -2.1288377e-01
  -3.8310245e-01   4.6687640e-01
  -4.8980218e-01   2.2176561e-01
  -1.7325322e+00   1.2666238e+00
   1.5077140e+00   1.3974474e+00
  -7.3902188e-01  -1.1277535e+00
   5.8467093e-01  -8.7689019e-01
   6.8787134e-01   6.3504573e-01
   9.5806515e-01   1.1990641e+00
  -7.3536308e-01   1.7381176e+00
  -1.0961357e+00  -3.7810630e-01
   9.6791636e-01   4.3123723e-01
  -2.8770106e-01  -1.2763574e+00
   2.5427495e-01  -4.4590373e-01
  -4.6470843e-03  -9.8841095e-01
  -1.1864445e+00   5.7660378e-01
  -2.3376719e+00   1.0108773e+00
  -1.6425213e+00   1.1348032e+00
   1.9922121e+00   9.2810023e-01
   5.9314566e-01  -1.2080127e+00
  -1.1777221e+00   1.9896016e-01
  -4.3157725e-01  -4.6342440e-01
  -2.3055714e+00   2.4915852e-01
   1.5921175e+00   5.3681147e-01
   1.3779731e+00  -2.1605389e-01
  -1.8019009e+00   1.3868336e+00
   9.2714750e-01  -1.3165585e+00
   3.5524292e-01  -1.4371998e+00
   1.7531386e-01   7.9558015e-01
  -9.3048575e-01   2.3621695e+00
   1.2702326e-02  -5.7514107e-01
  -1.6909745e+00   1.8381455e-01
   6.1695618e-01   3.7378394e-01
  -7.4187448e-01  -2.7583766e+00
   1.4456103e-01  -7.2203068e-01
  -6.6837662e-01   1.4765923e+00
  -1.0072691e+00  -9.7039387e-01
   1.1401277e+00   8.6543368e-02
   9.8287188e-01   3.2047330e-01
   1.0057268e+00   9.5268641e-01
  -6.1246540e-01  -4.2546452e-01
   1.8940918e+00   1.4354616e+00
  -7.1626038e-02  -2.4277213e-01
  -3.0940434e-01   2.7062879e-01
  -2.1510263e-01  -1.7698511e+00
  -5.7965888e-02   2.5779635e-01
   1.8460365e+00   1.3443331e+00
  -1.5270543e-01  -6.3694196e-01
  -1.2624888e+00  -1.1703163e+00
  -4.7275763e-01   2.3236205e+00
  -1.1330355e+00  -5.4505961e-01
  -1.0233495e+00   1.8665104e-01
  -3.5095640e-01  -4.0274695e-03
   2.0296436e+00   4.9925493e-01
   9.8740159e-01   3.4667631e-01
  -1.0905038e+00   1.2294979e+00
  -4.8631229e-01  -1.8050515e+00
  -8.1702053e-01  -1.1814493e+00
  -4.6653095e-01   3.0518217e-01
  -2.1700535e-01  -1.0606710e+00
  -5.3502323e-01   1.0412959e+00
  -1.2222734e+00  -6.6915150e-01
   1.8114071e+00  -8.3648193e-03
   2.7802753e-01   9.9347291e-01
   2.7223593e-01   1.7941017e+00
   1.4539338e+00  -1.3142467e-01
  -3.4338826e-01  -1.3329491e+00
   6.7692259e-01   1.6271961e+00
  -6.6219193e-01  -6.0686922e-01
  -3.8243575e-01   2.5406703e-02
  -3.7176627e-03   1.3172959e+00
   1.2624888e+00   8.2526683e-01
   1.8507503e-01  -5.9684362e-01
   1.0899425e+00   4.0957746e-01
  -3.8510358e-01  -2.3145017e+00
  -9.5565050e-02   1.0296457e+00
   1.5547321e+00  -1.5485372e+00
  -8.6854339e-02   1.7713365e+00
   3.8710626e-01   1.0103611e+00
  -1.9832821e-01   1.2686995e+00
   6.5104910e-02   2.5651547e-01
  -4.8282831e-01   2.1446856e-01
   7.7617313e-01  -7.0073123e-02
   3.7046379e-01   2.7188724e+00
   1.0011139e+00   5.6639041e-01
  -7.1962041e-01  -9.4631425e-02
   1.1425046e+00   6.3012617e-01
  -4.4556157e-01   1.9485386e-01
   4.7728008e-02   6.0138304e-02
  -1.2693926e+00  -7.3489765e-02
  -3.9848442e-01  -7.0922375e-01
  -8.4591122e-01   1.1265840e+00
   2.1504897e+00   1.2060870e+00
  -6.8944218e-01  -1.1454848e+00
   6.1246540e-01   1.0995316e+00
  -1.6337120e-01  -1.8739893e+00
  -1.8130074e+00  -9.1295615e-01
  -1.8598312e+00  -6.4875026e-01
   1.2164096e+00   1.4234138e+00
   7.8288992e-01  -1.2926161e+00
   1.4157766e+00  -3.7013200e-01
  -1.4521531e+00   1.2003366e+00
  -8.4325579e-01  -7.7491763e-01
   3.6383568e-01   9.1766606e-01
  -4.6895028e-01  -2.2875646e-01
   6.3012617e-01  -5.4862908e-02
  -2.0835422e+00  -1.0312261e+00
   2.0243734e-01  -1.0967008e+00
  -1.1219212e+00  -1.1789626e+00
  -4.5246892e-02   2.8124911e-01
  -6.1920625e-01   7.7032454e-01
  -8.2501495e-02  -7.9388074e-01
   4.5310125e-01   2.0939910e-01
   8.6376910e-01  -4.9050088e-01
   2.5107641e-01   1.1230846e+00
   4.9644950e-01   1.7201590e+00
   1.1454848e+00   7.0326044e-01
  -2.4117708e-01   9.7936267e-01
  -2.8505875e-02  -1.7059676e-01
  -7.3780118e-01  -6.0910540e-01
  -6.2183529e-01   6.0352062e-01
   2.3881725e+00   1.5987545e+00
   8.7780065e-01   1.1487985e-01
  -5.8761387e-01  -1.5164601e+00
  -1.0708688e-01  -2.7062879e-01
   1.5403686e+00  -5.6529963e-01
   9.7287735e-01   7.8288992e-01
   1.7028242e-01  -1.7833629e+00
  -3.1460846e-01  -6.7770194e-01
   6.2672924e-01  -4.4624594e-01
   1.3629186e+00   1.4393494e-01
  -9.3383440e-01  -2.2177375e+00
  -4.1328631e-01  -9.1719415e-01
  -1.0716090e+00  -1.0386358e+00
  -3.2536910e-01   1.6020995e+00
  -2.0433502e-01   9.3815526e-01
  -5.1865055e-01  -1.0950065e+00
  -1.7423425e+00  -1.2847978e+00
   1.7846075e-01  -9.3335538e-01
   5.9610338e-01   1.1715462e+00
   3.3747908e-01  -2.1795369e+00
   1.9449090e+00  -3.3649537e-01
   1.0026492e+00   5.0804741e-01
   5.4290437e-01   1.5998675e+00
  -6.1379812e-02  -9.5876277e-02
  -2.1729221e+00  -1.9201297e-01
  -6.0054976e-01  -2.3352934e-01
   1.5568104e+00   5.3073843e-01
  -4.8039301e-01   1.6306988e+00
   3.4371690e-01  -8.9964516e-02
   4.7900268e-01  -1.9864418e-01
  -1.5584057e-01   1.4756714e+00
   1.2341289e+00  -5.6602674e-01
   1.2611414e-01   1.5424011e+00
   5.7989942e-01   2.3522005e+00
   4.2885850e-01  -1.7846075e-01
  -1.4328624e+00  -6.2296334e-01
   1.7639482e+00   1.4371998e+00
   6.3884048e-01   1.8243422e+00
  -1.0710591e+00   8.3884323e-01
   6.5334552e-01  -5.0209419e-02
  -6.1059788e-01   2.4102031e+00
  -1.6431317e-01   1.2394542e+00
  -1.2448148e+00   4.4693052e-01
  -1.0568725e+00  -1.0343947e+00
   6.4493132e-01  -3.9011319e-01
   3.3911933e-01  -1.4459567e+00
  -7.1004851e-02  -3.0119824e+00
   1.1771025e+00   1.4406893e+00
   1.2705103e-01   5.1971406e-01
  -1.8791218e-01   1.9744966e+00
  -1.1927306e+00   1.2570088e+00
   2.5875728e-01  -1.1460820e+00
  -5.4362250e-01  -2.1762176e+00
  -6.3088203e-01   7.7826836e-01
   6.3201650e-01   4.0184071e-01
   2.2716666e-01   1.3582282e+00
   1.1490745e+00   4.9050088e-01
   1.9011990e-01   2.1290900e+00
  -1.2468342e+00   1.3412804e+00
  -2.3723788e+00   9.6643270e-01
  -7.3739453e-01  -1.1864445e+00
   4.7587784e-01  -2.4915852e-01
   1.3012157e-02  -1.0238726e+00
   5.4862908e-02  -8.0668287e-01
  -1.4337277e+00   1.8721989e+00
  -1.0026492e+00   1.1295106e+00
  -1.3344570e+00  -2.3376719e+00
  -5.9517585e-02  -1.1556943e+00
   6.4794452e-02   1.3247093e+00
   6.9850774e-01   1.1394434e-01
  -8.6466922e-01  -2.6934357e-01
  -1.9469665e+00  -3.0972935e-01
   6.4036096e-01   1.0477106e+00
  -1.8444475e-01  -1.3958042e+00
   8.6872845e-01  -2.3161955e-01
  -2.1320878e+00  -1.0509341e+00
   1.0503961e+00  -6.3163825e-01
   6.0612450e-01  -1.0210281e-01
   1.0644848e+00   7.0009021e-01
   3.6255068e-02   6.3960054e-01
   4.8004534e-01   2.0808349e+00
   7.9558015e-01   7.5870562e-01
   6.5795461e-01  -1.1706312e-01
   1.0212598e+00  -1.4166211e+00
  -4.2275285e-01  -5.4829723e-01
   5.6529963e-01   4.6376935e-01
  -1.1839432e+00  -8.6242023e-01
  -9.9754088e-01  -4.6204515e-01
   2.5907765e-01  -8.7234872e-01
  -3.9881984e-01  -1.8757857e+00
   7.0286377e-01  -4.7033398e-01
  -3.8577097e-01   1.8412964e-01
   1.1207360e-01  -4.3191732e-01
  -1.4132491e+00  -9.4927789e-01
   1.5458633e-01  -1.5019467e+00
  -3.2961843e-01  -1.1562987e+00
  -2.9869709e-01   5.8136616e-01
   1.0386358e+00   6.9219523e-01
  -5.9906632e-01   7.8457464e-01
   2.9093152e-01   7.7366335e-01
   3.2831031e-01  -1.2229275e+00
  -1.4593038e+00   5.3252258e-01
   3.7511315e-01   1.3267474e-01
   5.4613818e-01   3.5227464e-01
   9.7636434e-01   1.0967008e+00
   8.0154626e-01  -2.2477015e+00
   4.9568924e-03  -3.1949507e-01
  -6.5059406e-03   2.6206908e+00
  -1.5303003e+00  -8.9339158e-01
   2.4776638e+00   1.1690883e+00
  -9.0897738e-02   1.4863200e-01
   2.4053924e-01   4.5791264e-01
   1.2009735e+00   3.9211977e-01
   8.8511076e-01  -1.3352121e+00
   5.2859969e-01  -2.1795700e-01
  -1.6283614e+00  -1.1176185e-01
  -1.0833330e-01   7.6699429e-01
   2.6870113e-01  -2.3522005e+00
  -1.9428596e+00   9.3383440e-01
   3.9949083e-01  -1.4107306e+00
   3.1102972e-01  -1.6718723e+00
   1.2361630e-01   3.4207408e-01
   2.2081316e-01   2.7802753e-01
  -1.3535674e+00  -3.0755567e+00
  -7.0088211e-01  -1.1359836e+00
  -8.9709167e-01  -1.0147998e-01
   1.0864494e-01  -1.3558941e+00
  -8.4193030e-01  -2.1202095e+00
   1.0727099e+00   5.7294930e-01
  -4.2207542e-01   4.2682152e-01
  -2.0591697e-01  -4.2766055e-02
   8.2526683e-01   2.1541969e-01
   6.9495355e-01  -1.6594687e+00
  -2.1161632e-01  -7.6616306e-01
  -1.2067284e+00  -2.1922618e-01
  -7.1361292e-01  -3.6980025e-01
   1.1201790e+00   1.2861276e-01
  -1.5747537e+00   1.1190194e+00
  -2.5273023e+00  -1.1254160e+00
   6.1097121e-01  -9.2953091e-01
  -6.1695618e-01   2.0971578e-01
  -1.3798987e-01  -8.7325557e-01
  -1.1395345e+00   5.9758419e-01
   5.8393599e-01  -2.6998612e-01
  -8.2352611e-01  -5.0241574e-01
   3.6814211e-01   9.1719415e-01
  -1.8279484e-02   1.3574493e+00
  -1.4957180e-01   9.3767430e-01
  -8.7280205e-01  -4.8968676e-02
  -1.8739893e+00   8.7370927e-01
   9.3239798e-01  -1.2361218e+00
  -9.0499544e-01  -7.9813357e-01
  -1.0085719e-01   1.1965249e+00
   4.4316546e-02   9.9139067e-03
  -8.1399640e-01  -1.3121493e+00
  -1.0771264e+00  -1.0595841e+00
   1.6731269e+00   3.7145940e-01
  -1.1161269e+00   6.0761427e-01
  -1.7610197e+00   5.4721739e-01
   2.1351049e+00  -9.1208830e-02
   1.6909745e+00  -5.7587227e-01
   4.0587425e-01  -3.5392330e-01
  -8.7643523e-01  -1.5800687e-02
  -8.2222221e-01  -1.9516961e-01
   3.5953598e-01   2.7770553e-01
  -1.3504765e+00  -1.1933618e+00
   6.5219541e-01   1.3298729e-01
   2.5349274e+00   8.9709167e-01
   8.2309132e-01  -6.1883102e-01
  -2.6132095e-01   7.1255640e-03
   2.4149604e-01   1.5444400e+00
   2.7673971e-01   8.5346755e-01
   1.0617591e+00   2.1954353e-01
   1.5803607e-01  -1.9387852e+00
   6.6103512e-01   1.0434294e+00
   3.1753952e-01   5.2539609e-01
   1.0450326e+00   4.4590373e-01
   6.9452004e-02  -2.3480300e-01
   2.4660276e-01   9.2571998e-01
   1.5897723e-01  -6.6334962e-01
  -2.5349274e+00   5.4505961e-01
   2.3862629e-01   1.0160549e+00
  -6.9762560e-02  -1.4393494e-01
   9.8891600e-01   7.1361292e-01
  -4.5584933e-01  -3.2536910e-01
  -5.1829618e-01  -1.5855500e+00
  -4.1215666e-02  -1.0291194e+00
   1.6525529e-01  -1.0116858e-01
   4.0116909e-01  -1.2749595e+00
   1.0397153e-01  -1.8276241e+00
   1.2611152e+00  -1.3284435e+00
   9.6841138e-01   9.3144144e-01
  -5.8863196e-03  -1.5960475e-01
   1.3435688e+00  -2.4245307e-01
   1.0354532e+00   4.2614292e-01
   7.4391574e-01   5.8577394e-01
   9.1519930e-02  -9.1389651e-01
   1.2861276e-01  -1.2597440e+00
  -3.4395081e-02   2.7223593e-01
   9.5122426e-01  -5.1935949e-01
  -9.2334496e-01  -1.8588281e-03
   3.9513261e-01  -1.6274330e-01
   7.1081823e-01   7.8120742e-01
   3.0323531e-01  -1.0254437e+00
  -1.4638111e+00  -1.2549635e+00
  -1.0272568e-01   2.0082430e+00
  -8.3123232e-02  -7.0842719e-01
  -9.6396465e-01  -5.3573832e-01
   1.0871412e+00  -6.8238674e-01
   1.3481668e+00   2.9319464e-01
  -1.9738042e-01  -1.6202500e+00
   4.6722191e-01   5.4552639e-02
   3.4010392e-01   1.6858202e+00
  -9.4056332e-01   1.1012343e+00
   5.6748186e-01   9.9300395e-02
  -7.2323739e-01   1.9307316e+00
   6.9140811e-01  -9.7586547e-01
  -8.2190638e-02  -1.7270004e+00
  -1.6110531e-02  -9.9347291e-01
   1.1149725e+00  -5.0487762e-01
   9.7786241e-01  -4.7102617e-01
  -1.2659332e+00   5.6675415e-01
  -3.4085095e-02   2.5669983e+00
  -1.0223727e-02  -9.2810023e-01
   6.6373572e-01   1.7803321e+00
   1.2855054e+00  -8.5435974e-01
  -1.2235822e+00  -1.6295290e+00
  -4.9278854e-02  -1.2035263e+00
   6.9298278e-01  -9.6593862e-01
  -1.3017480e-01   2.6709551e-01
  -2.7266175e-02   8.7461720e-01
   1.1213401e+00   3.7112749e-01
  -7.8710590e-01   1.8917362e-01
   7.9260769e-01  -7.0048611e-01
   4.8387289e-01   1.2855054e+00
  -8.4104746e-01  -2.1965043e+00
   1.0179139e-01  -9.6199443e-01
  -4.5894504e-01  -3.0258661e-01
   3.2471587e-01  -9.1483768e-01
  -2.9435679e-02  -1.1265840e+00
   1.5641379e+00   9.9856046e-01
  -1.6871099e-01  -2.1890886e-01
   1.6237132e+00   4.9899226e-02
   6.2937067e-01   2.0152743e+00
   2.3512148e-01  -1.1697021e+00
   1.5434198e+00   8.3664307e-01
   1.7864101e+00   7.9728185e-01
   1.4915013e+00  -1.0584986e+00
  -1.5557704e+00  -1.0264925e+00
  -5.9758419e-01  -6.0389235e-01
  -1.6295290e+00   6.8520376e-02
   2.4456155e+00   2.3448455e-01
   7.5705414e-01  -1.2904760e+00
  -1.3512480e+00  -1.1617567e+00
  -5.5406726e-01  -3.3715114e-01
  -5.1652529e-01   1.2082670e-02
   7.5994559e-01  -8.5257605e-01
  -4.5001374e-01  -5.4290437e-01
   2.8189377e-01  -5.6857398e-01
   1.2784590e+00   8.9062452e-01
   4.7414382e-01   1.7325322e+00
  -1.1740112e+00  -2.9675403e-01
  -1.4017958e-01  -6.5296205e-01
  -4.3395877e-01  -2.6019492e+00
  -1.6274330e-01   7.8626159e-01
  -2.8092682e-01  -5.9056191e-01
   5.1016343e-01  -1.2611152e+00
   7.6824214e-01   2.1143808e+00
  -3.4536064e-01   1.2735641e+00
  -1.9228013e+00   8.8099303e-01
   2.8931591e-01   8.7962377e-01
  -1.2947621e+00   9.5025062e-01
   1.3382401e+00   4.9609910e-01
   1.9854956e+00   7.7491763e-01
  -3.1851714e-01   5.5173182e-02
  -1.3668503e+00  -1.8812116e+00
   9.1154712e-01  -1.5490845e-02
   1.4140906e+00   4.1936764e-01
  -6.0686922e-01   6.0759047e-02
  -4.2851888e-01   3.6565078e-02
  -1.5651915e+00   4.8666101e-01
   7.0723318e-01  -1.6425213e+00
  -2.2882435e+00   4.3089726e-01
  -1.1795836e+00  -6.3315178e-01
   4.4521946e-01   1.0238726e+00
  -3.1126891e+00  -4.3941154e-01
   8.9801861e-01  -6.5488033e-01
  -8.1615573e-01   1.6681243e+00
  -1.7494540e+00  -5.1652529e-01
  -2.1890886e-01   1.1946256e+00
  -1.3955388e-01   2.3543998e-01
   5.1157539e-01   6.2000601e-02
  -2.0180495e-01  -7.6201481e-01
  -8.2701004e-01   4.9785173e-01
   1.3099542e+00  -7.4596012e-01
   2.1068265e-02   4.2173678e-01
  -1.5403686e+00   4.5310125e-01
  -4.7137235e-01   1.1666374e+00
  -1.8426421e+00   1.1238536e-01
   3.0485761e-01   1.8563493e+00
  -8.5302171e-01  -7.1281387e-01
   1.1933618e+00  -5.0945784e-01
   1.8615807e+00  -8.1568948e-02
   4.3089726e-01   1.9228013e+00
  -1.7451765e+00   2.6837995e-01
  -6.7809177e-01   1.0938788e+00
   2.5075669e-01  -1.4683483e+00
   6.3315178e-01   5.8945580e-01
   3.2845182e-02  -4.1463639e-01
   8.1961860e-01   3.8735248e-02
   2.8834691e-01  -3.0940434e-01
   1.1965249e+00  -4.7310409e-01
  -6.5795461e-01   2.6067987e-01
  -8.1879789e-02  -2.7834956e-01
   1.7698511e+00   4.8352463e-01
  -9.5561684e-01  -1.7758163e+00
   6.6967795e-02  -3.9848442e-01
  -6.6682806e-01  -1.9106635e-01
  -1.5427281e-01   1.0590412e+00
   6.7031458e-01   9.1530857e-01
   1.4205701e-01  -1.1230846e+00
   1.4561326e-02   1.5557704e+00
  -7.9303190e-01   5.6384631e-01
   1.4518717e-01   9.9398051e-01
   4.1733881e-01  -2.6805880e-01
  -1.1092228e+00  -2.3881725e+00
   1.4812161e+00  -7.7701081e-01
  -2.2303585e-01  -1.8460365e+00
   3.6648499e-01  -2.8350595e-01
  -6.1508352e-01   1.7848844e+00
  -2.2477015e+00  -5.2859969e-01
  -8.5659318e-01  -8.1879789e-02
   1.0843484e+00  -8.9653460e-02
   4.0924058e-01   1.3787741e+00
   8.9894633e-01   1.2770573e+00
   1.3917128e+00   1.6525529e-01
  -1.7028242e-01  -4.4898553e-01
   6.8316900e-01  -1.0776799e+00
   3.8388854e+00   8.4325579e-01
   1.3708033e+00  -4.8945293e-01
   6.0314897e-01  -4.5867145e-02
  -4.5069948e-01  -3.3310602e+00
  -1.4057203e+00  -1.0041868e+00
  -1.6769066e+00   1.7133973e+00
  -5.4721739e-01  -7.2122679e-01
  -8.0754104e-01   6.9022823e-01
  -6.7109047e-01  -7.8036700e-01
   2.0082430e+00   5.5442850e-01
  -2.5715586e-01   5.3001375e-02
  -3.0745497e-01   8.6692259e-01
   6.9732203e-01  -3.1753952e-01
  -6.6142062e-01   3.5854469e-01
  -7.2565398e-01   1.3986672e-01
   9.1201660e-01   7.2042337e-01
   5.0065912e-01   4.2783979e-01
   1.1581547e-01   5.1794187e-01
  -1.6974811e+00   2.5506350e+00
  -4.3429919e-01  -4.6307951e-01
  -6.0985147e-01  -4.6860449e-01
   8.0582529e-01   1.3165585e+00
   3.5689332e-01  -1.9428596e+00
  -1.8917362e-01  -7.0683541e-01
  -1.5516272e+00  -1.3668503e+00
   1.5454619e+00   7.0445109e-01
  -1.8948903e-01  -1.6413287e+00
   1.1946256e+00  -6.5415375e-02
   1.0134627e+00  -2.9578291e-01
   1.0139806e+00  -5.1546354e-01
   1.6354004e+00  -2.2398878e-01
  -1.2016110e+00  -6.6373572e-01
   2.0718291e-01   1.0882607e+00
   1.0046998e+00   9.9703149e-01
  -4.6514971e-01   6.6103512e-01
   1.5866349e-01  -4.3386239e-02
  -1.2611414e-01  -6.5910907e-01
   2.1029343e+00   4.4932821e-01
   1.5662469e+00   1.3329985e-01
  -4.5867145e-02   2.4628340e-01
  -1.2686995e+00   6.6296363e-01
   1.4656223e+00  -1.5505955e+00
  -4.6307951e-01  -9.6051921e-01
   8.2875578e-01   7.8078714e-01
   4.1215666e-02  -1.4328624e+00
  -9.7387243e-01   3.0985408e-02
   5.2070678e-02  -1.3458642e+00
   4.5688074e-01  -1.2940461e+00
   2.3424600e+00   8.5035024e-01
  -2.0718291e-01  -1.2784590e+00
  -1.4629072e+00  -1.9810672e+00
   2.4883896e-01   2.6404007e+00
   3.1005440e-01   1.4643963e-01
   4.4006440e-02   8.9616550e-01
   1.4251223e+00  -6.0835967e-01
   1.1419098e+00   4.6342440e-01
   3.1200535e-01  -2.7480884e-01
  -7.8204840e-01   1.4166211e+00
   1.5965343e+00   1.1126682e+00
   3.2031069e+00   3.4240257e-01
  -1.1758646e+00  -2.3703283e-01
   6.0203453e-01   4.0823019e-01
   1.1556943e+00   2.8834691e-01
   3.1721371e-01  -3.3223636e-01
   2.8917179e+00   1.3668503e+00
   1.7053852e+00   6.8747890e-01
   2.1573678e-01  -1.4276928e+00
   1.2049509e-01  -1.8615807e+00
   5.7770163e-01   1.8286938e-01
  -9.5904608e-01  -1.2869223e+00
   1.9015954e+00   1.0520111e+00
  -6.5411273e-01  -4.6487415e-02
   3.5590296e-01   8.5793530e-01
  -1.9422242e-01   1.9927617e-01
   1.4234138e+00   1.9922121e+00
   3.2308343e-01   3.3944749e-01
  -3.6648499e-01   9.4201078e-01
  -8.4148880e-01  -1.1109439e+00
   1.6781718e+00   1.6117383e-01
  -9.0452895e-01   3.8777416e-01
   1.0661241e+00  -2.2017830e-01
  -1.0155359e+00  -7.6949118e-01
  -7.2868494e-02   4.7865525e-01
   1.6682581e-01   9.5561684e-01
   2.2069966e+00   9.8488259e-01
   7.9855965e-01   1.0328091e+00
  -3.4667631e-01  -4.0251251e-01
   1.1575086e+00   9.3191961e-01
   4.6480454e-01  -8.1356499e-01
   1.0088139e+00  -4.9329806e-01
  -6.6644117e-01   6.6334962e-01
   1.2267982e-01  -4.5860085e-01
  -5.1228175e-01  -1.2407910e+00
   1.7625774e-01  -5.1687934e-01
   1.6225566e+00   1.5965343e+00
   9.0686338e-01   1.8160941e-01
   1.0412959e+00   1.2048057e+00
  -1.8003323e+00  -6.7225506e-01
   1.4821446e+00   2.3237429e-02
  -2.4628340e-01  -2.3723788e+00
  -8.6737379e-01   4.2851888e-01
  -1.3172959e+00  -4.1835809e-02
   2.6132095e-01  -7.1521239e-01
  -2.5939804e-01  -1.4550026e-01
   2.9643029e-01  -1.0826768e+00
   5.6675415e-01  -1.2428003e+00
  -1.1254160e+00   2.9125741e-02
  -9.5268641e-01  -5.5913121e-01
  -1.0150172e+00  -2.0890030e+00
   7.7839465e-02   1.8019009e+00
   2.1605389e-01   8.7507143e-01
  -1.0181335e+00   8.8832384e-01
   5.3145189e-01   2.0272195e+00
   1.9408184e+00   7.0802907e-01
   2.9966904e-01  -1.7040073e-02
  -1.4602028e+00  -7.5046875e-01
  -5.4398167e-01  -2.1700535e-01
   8.2831911e-01   1.7349923e-02
   2.1161632e-01   1.7639482e+00
   1.3755753e+00   1.5048241e+00
  -5.4434091e-01   5.7806773e-01
   5.3001375e-02  -2.4167104e-02
  -1.3405191e+00   2.0176404e+00
   1.2143133e-01  -2.0419465e+00
  -8.3745001e-02  -4.4282615e-01
  -2.7609597e-01  -1.3949841e+00
   1.3876445e+00   1.1939934e+00
   1.2092989e+00  -3.4898018e-01
   3.0842951e-01   1.0129451e+00
  -1.2680070e+00  -8.1097969e-01
   1.3180340e+00   1.7040073e-02
  -7.5746682e-01   1.4512645e+00
   7.5953214e-01  -6.3239483e-01
  -8.4901678e-01   3.6714772e-01
   1.6077148e+00   1.4800553e-01
  -8.0368394e-01  -2.7448713e-01
  -5.9166875e-01   2.7030744e-01
  -2.4436779e-01  -1.0843370e-02
   2.3857210e-02  -2.7127156e-01
   1.2028874e+00  -6.5526428e-01
  -1.3787741e+00  -1.5454619e+00
   5.3180872e-01  -5.2290812e-01
  -2.6452795e-01   2.5139614e-01
   3.1363204e-01   5.5298398e-01
   1.4424797e-01  -7.8541784e-01
   4.6032232e-01   9.4320234e-02
  -6.9101471e-01   9.1672245e-01
  -1.9922121e+00   1.6190998e+00
  -1.5673041e+00   1.8997094e+00
   2.7545235e-01   1.1359836e+00
  -1.8098113e+00   4.9085032e-01
   3.4503182e-01  -1.5740870e-01
  -8.9964516e-02   4.3941154e-01
  -1.4683483e+00  -7.6325790e-01
  -1.2861276e-01  -4.8178426e-01
  -8.0550043e-03   2.0862648e+00
   9.1625095e-01  -1.4957180e-01
   3.8610473e-01   6.6026441e-01
   1.1463018e-02   1.2919021e+00
   1.8097954e-01  -2.4394976e+00
   1.2590593e+00   1.1802050e+00
  -1.6731269e+00   2.1029343e+00
  -4.1564944e-01  -6.4794452e-02
  -6.0314897e-01   1.0155359e+00
  -4.8770753e-01  -1.2522445e+00
  -1.9359105e-01   7.6616306e-01
   2.3190370e+00   8.5610505e-02
  -5.7112492e-01  -1.6065877e+00
   7.6596547e-02  -6.6180623e-01
  -6.0575226e-01  -6.1069426e-02
   1.8098113e+00   2.9902104e-01
  -9.4631425e-02   1.0738120e+00
  -1.4205701e-01  -7.6284341e-01
   9.8989064e-02  -1.6582423e+00
  -8.7165318e-02  -5.2691138e-02
  -1.1556943e+00  -1.1269714e-01
   1.0612149e+00   1.2434713e+00
  -9.1519930e-02  -1.3269476e+00
   1.2174344e-01  -1.1006663e+00
  -1.3239647e+00  -1.5747537e+00
   4.2207542e-01  -5.4470023e-01
   2.2748457e-01   3.4766346e-01
  -9.1208830e-02  -1.8759687e-01
   5.1122230e-01   2.3990423e+00
   1.0461029e+00  -7.2082502e-01
  -7.2847870e-01   1.1611485e+00
   2.1688016e-02  -1.0072691e+00
  -1.7133973e+00  -8.4366803e-02
   2.2271826e-01  -2.7352216e-01
   1.1242495e+00  -9.4008127e-01
  -1.2455290e-01  -5.1581739e-01
   4.6170047e-01  -2.3575850e-01
  -2.1261112e+00  -2.0117263e-01
   1.3026824e+00   1.9788675e+00
  -1.0296457e+00  -2.0520162e+00
  -1.7720178e-01   1.8392688e+00
  -8.6692259e-01   1.5888252e+00
  -4.5688074e-01  -7.2868494e-02
  -1.1802050e+00   2.1862485e+00
  -1.0317535e+00  -1.1520772e+00
  -5.3359388e-01  -8.3444695e-01
   6.0129198e-01  -6.2446864e-01
  -8.4946110e-01   3.9747841e-01
   7.5458079e-01   3.5326372e-01
   5.2575178e-01  -1.3291926e+00
   3.6565078e-02  -5.3216561e-01
  -1.1478763e+00  -1.1330355e+00
   3.0422346e+00   5.7003121e-01
  -3.8376933e-01   2.1202095e+00
   1.3298729e-01   2.1729221e+00
   3.8677237e-01   1.4330890e-01
  -2.4167104e-02   2.2515924e+00
  -2.7583766e+00   3.1005440e-01
   3.4996812e-01  -8.6647156e-01
   1.1612737e-01  -1.7751650e-01
   2.0306982e-01   1.8580875e+00
   2.0036100e+00   6.9298278e-01
  -1.5194015e+00  -1.6179519e+00
   5.7916651e-01   5.4865732e-01
   2.6420713e-01   5.6529963e-01
   8.5257605e-01  -8.7962377e-01
   6.8004247e-01   1.3819871e+00
  -1.6145207e+00  -1.9616055e+00
   4.0654714e-01   9.2287059e-01
  -1.6148769e-01   2.2594780e+00
   1.0804526e+00   9.1208830e-02
   1.3005142e+00   1.4049245e-01
  -1.0375737e+00  -1.4584058e+00
  -3.2079945e-01   5.0171291e-01
   1.9469665e+00   1.3489359e+00
   1.5740870e-01  -5.2468491e-01
  -1.0134627e+00   7.9393282e-02
  -2.3830755e-01  -1.0119107e+00
   3.4174563e-01  -1.2441427e+00
  -9.5512786e-01  -4.0991440e-01
  -1.3397587e+00   1.1795836e+00
   7.4309887e-01   8.6746350e-03
   7.2525092e-01   9.0639609e-01
   1.7279759e-01  -3.6875092e-02
   2.7513058e-01  -1.3455023e-01
  -2.7384379e-01  -5.0829819e-02
  -1.4988510e-01  -3.8076973e-01
  -1.5444400e+00  -4.6895028e-01
  -1.7381176e+00   3.4437429e-01
   5.3038181e-01  -5.0875250e-01
   3.3616754e-01  -6.5603246e-01
  -1.1870710e+00  -5.6930244e-01
   7.3292933e-01  -1.0412959e+00
   1.0568725e+00   7.4421724e-02
   2.9319464e-01   1.3337027e+00
  -1.5145065e+00   1.8066336e+00
  -2.4756098e-01  -2.1256687e-01
   5.6602674e-01  -5.1298836e-01
  -1.8922324e+00   1.3611350e-01
  -6.0649681e-01  -1.1318590e+00
   2.3002871e-01   3.8110285e-01
  -2.9028518e-01  -1.4268349e+00
  -6.3656253e-01   1.2454873e+00
  -3.0680543e-01  -6.9771716e-01
  -2.5331511e-01  -1.2556446e+00
   5.1404877e-01   4.1525735e-02
  -1.0590412e+00  -6.9101471e-01
  -4.3386239e-02   1.6545780e+00
  -1.0113939e+00  -2.0808349e+00
  -1.8160941e-01  -4.6653095e-01
   6.1690204e-02  -3.8276908e-01
  -2.0085651e-01   1.5812093e+00
   5.5985580e-01   3.1363204e-01
  -5.5081936e-01  -8.3620353e-01
  -2.0758393e-02   4.1869117e-01
   1.0672185e+00   5.2931233e-01
  -4.7935018e-01  -4.0116909e-01
  -1.0103611e+00   1.7879400e+00
  -1.0036740e+00   1.3925292e+00
  -6.4416866e-01   1.9072941e+00
   1.5833759e+00  -3.2014719e-01
   2.7576096e-02   1.6557969e+00
  -8.3488585e-01   4.1396125e-01
   1.0223727e-02  -1.1207360e-01
  -3.8877634e-01   1.0264925e+00
  -3.5945062e-02  -4.3076145e-02
   7.7784904e-01  -8.1658805e-01
   1.1295106e+00   1.4647161e+00
   4.6825876e-01  -8.1745316e-01
  -3.7977063e-01  -1.3276952e+00
  -5.7916651e-01  -1.3700110e+00
  -4.0217659e-01  -2.2968212e+00
   5.9388460e-01  -1.6111084e+00
  -4.1733881e-01  -2.1862485e+00
  -9.2002866e-01  -3.0985408e-02
  -2.4149604e-01  -5.1475602e-01
  -1.2262061e+00  -4.5619308e-01
  -5.2326335e-01   9.8989064e-02
  -6.9062142e-01   4.7969773e-01
   1.8443366e+00   2.7545235e-01
   4.7379718e-01   1.7720178e-01
   1.2549635e+00   7.9175970e-01
   2.2882435e+00   3.3310602e+00
   8.1745316e-01  -4.1564944e-01
  -1.3933466e+00   7.2557870e-02
   5.2788731e-01   1.1020326e-01
   1.6651168e-01  -1.0615216e-01
   1.1984286e+00  -1.3830264e-01
  -1.4802888e+00  -4.4419344e-01
  -1.4450760e+00   2.1605389e-01
  -4.0184071e-01   4.3429919e-01
  -4.9050088e-01  -1.5444400e+00
   1.0238726e+00  -6.7848170e-01
  -1.6935685e+00   2.4158981e+00
   7.6699429e-01   1.2549635e+00
  -2.2515924e+00   4.3696337e-02
   3.3977568e-01  -9.5904608e-01
   5.3287961e-01   1.4057203e+00
  -3.8744019e-01  -1.0798974e+00
  -8.3269295e-01  -1.6054626e+00
   5.1829618e-01   1.3048725e-01
  -5.8982442e-01  -1.9552803e+00
  -5.0487762e-01  -6.5718546e-01
   1.2926161e+00   5.3932118e-02
  -6.8356028e-01   2.4245307e-01
   9.9093876e-01   7.2247252e-02
  -2.8899288e-01  -6.6142062e-01
   3.1915282e-02  -6.8356028e-01
   2.5331511e-01   6.1508352e-01
  -8.0625401e-01  -1.6497265e+00
   1.0574142e+00  -5.8724573e-01
  -1.7040073e-02  -5.8026599e-01
   9.3911783e-01  -6.3277326e-01
   9.5561684e-01   5.3788523e-01
  -2.6324482e-01  -1.4575091e+00
   5.5949346e-01   5.2646335e-01
  -4.6825876e-01  -2.9545927e-01
   3.4766346e-01   4.7553092e-01
  -6.9771716e-01  -2.7191445e-01
   3.8577097e-01   7.9006543e-01
  -9.9144508e-01  -1.0871412e+00
   2.6206908e+00   4.9259840e-01
   1.1487985e-01  -8.3050404e-01
  -1.4877430e+00  -1.0241424e-01
  -1.1413153e+00   1.8444475e-01
  -3.3465132e-02  -5.3967622e-01
   5.0628579e-01   1.2455290e-01
   5.0593365e-01  -1.5620357e+00
  -2.2927542e-02   8.3181691e-01
  -1.3631821e-02   5.0101032e-01
  -8.4055898e-02  -1.1442915e+00
   9.8337419e-01  -2.2525966e-01
  -5.7331440e-01   1.6461132e+00
  -1.0196954e+00   7.7449940e-01
  -1.0877008e+00  -6.1733098e-01
   6.1733098e-01  -3.2961843e-01
   9.5366231e-01   9.0452895e-01
   7.8078714e-01   1.3827926e+00
  -7.7491763e-01   2.6720367e+00
   1.5176519e-01  -2.4309121e-01
  -1.9531892e+00  -7.5170103e-01
  -2.0808349e+00   3.1916906e-01
   1.2770573e+00   8.6511954e-01
   1.6437162e+00   2.1573678e-01
   1.4424407e+00  -5.4541906e-01
  -3.8110285e-01   5.0981061e-01
  -1.2248931e+00   1.3077653e+00
  -9.2857691e-01  -3.7345174e-01
   2.4277213e-01  -1.7688709e-01
   9.0452895e-01   3.3518426e-01
   7.9388074e-01  -3.8443637e-01
   6.1396095e-01   9.7039387e-01
  -7.9393282e-02  -6.5059406e-03
  -1.0046998e+00  -5.7367958e-01
   1.2455290e-01  -5.4075164e-01
   3.0980500e-03   4.4419344e-01
   1.2812699e+00   1.0423621e+00
  -4.7171858e-01  -2.2653090e-01
  -7.1161614e-01   6.7109047e-01
   1.7941017e+00   1.1496742e+00
  -6.2333953e-01   9.1908301e-01
   8.2048585e-01  -1.3361242e-01
   1.3941649e+00   5.3145189e-01
   1.2923754e-01   5.9573338e-01
  -2.2798308e+00  -2.7770553e-01
   4.9434799e-01   6.2484518e-01
  -1.6214022e+00  -3.1037947e-01
  -1.1550359e-01   2.5052693e+00
  -1.2767568e-01   1.3497058e+00
   2.8415102e-01  -3.2994555e-01
  -3.0355971e-01  -8.2744624e-01
   6.4416866e-01   2.4518264e+00
   4.5791264e-01   1.1902105e+00
   1.0370432e+00  -8.9941047e-01
  -1.1172828e+00   1.4398153e+00
  -2.5683565e-01  -3.3125437e-01
   5.9207235e-02  -1.6883918e+00
