  -7.5334584e-01  -2.3935720e+00
   4.7137235e-01  -1.3114168e+00
  -6.0017878e-01  -1.7494540e+00
  -1.6099751e+00  -1.4477214e+00
  -8.0325611e-01   4.3804713e-01
   8.0947290e-02   3.1656220e-01
   1.0899425e+00   4.0957746e-01
  -9.1813817e-01  -1.2018304e-01
  -1.2049509e-01  -1.2933308e+00
  -5.2184285e-01   1.3114168e+00
  -3.1135490e-01   1.9490324e+00
  -1.2392183e-03   1.1914696e+00
   5.7623799e-01  -1.3941649e+00
  -1.3868336e+00   8.0797035e-01
  -2.3672433e+00   3.2536910e-01
   1.2392183e-03  -1.9573800e+00
   1.1581142e+00  -2.8866988e-01
   1.3079971e-01  -9.7238017e-01
   2.1763976e-01   2.3480300e-01
  -1.5223560e+00   1.4584058e+00
   4.7345061e-01   7.9813357e-01
   3.4601840e-01  -4.5550563e-01
  -4.9224866e-01  -3.2765646e-01
  -1.9347427e+00  -6.5564832e-01
  -6.2183529e-01   6.0352062e-01
  -1.0210281e-01   5.9462387e-01
   8.3269295e-01   9.7743836e-02
  -6.5296205e-01  -1.7174449e+00
  -1.3158219e+00  -7.6741011e-01
  -6.0054976e-01  -2.3352934e-01
   3.5062693e-01   1.4424407e+00
  -1.6619290e+00  -5.4182769e-01
   4.5138544e-01   1.8589341e-02
   1.1802050e+00  -5.9166875e-01
   2.2840169e+00   7.6782606e-01
  -4.8875459e-01   1.5194015e+00
   5.0209419e-02  -1.1336243e+00
   1.3860236e+00   7.1241451e-01
  -7.3983630e-01   1.7864101e+00
   1.5086801e+00   1.5395930e-01
   1.9832766e+00   6.7692259e-01
   1.6996810e-01  -8.9477768e-01
  -4.3395877e-01  -2.6019492e+00
   1.3397587e+00   9.3671303e-01
  -1.1195990e+00  -6.2522182e-01
  -9.1831039e-02   1.0082987e+00
  -3.6218116e-01  -1.2080716e-01
   1.2645536e+00  -3.1428296e-01
   1.1448879e+00   9.8891600e-01
  -2.1034921e-01   8.9016401e-01
  -5.6893818e-01  -3.4963877e-01
   1.1908398e+00   1.9548539e-01
  -2.3145017e+00   2.2400203e+00
   8.5435974e-01   6.7031458e-01
  -1.0995316e+00  -4.3259760e-01
   1.8665104e-01  -1.9208375e+00
  -1.1057905e+00   6.8238674e-01
   5.9129972e-01   6.6528109e-01
   4.0789349e-01   1.5364581e-01
   2.0623343e-01   7.2807481e-01
  -4.2275285e-01  -5.4829723e-01
  -3.7378394e-01   8.9200720e-01
  -4.6584022e-01   1.6743842e+00
  -4.0486525e-01  -4.5001374e-01
  -9.4636505e-01   4.1733881e-01
  -4.7483725e-01  -2.0054040e-01
  -6.5219541e-01  -2.2105486e+00
  -6.9929876e-01   4.0419281e-01
  -3.3452892e-01   2.6324482e-01
  -4.5035659e-01  -1.1161269e+00
  -1.0521755e-01   3.2177809e-01
  -5.0804741e-01  -1.5303003e+00
   5.3395112e-01   2.3145017e+00
  -1.4389424e+00   1.7395225e+00
  -1.4398153e+00  -9.9093876e-01
  -1.7956528e+00  -8.3664307e-01
   7.1921910e-01  -4.9015150e-01
  -7.5416901e-01  -1.2736335e-01
   1.0249197e+00   2.6581151e-01
   7.2042337e-01   7.4353767e-03
  -4.5207160e-01  -1.0036740e+00
  -6.7887174e-01  -9.0313065e-01
   1.3111218e-01   1.3019590e+00
  -2.1057701e+00  -4.0520153e-01
  -1.1802050e+00   2.1862485e+00
   5.8724573e-01   1.3321988e-02
   2.8533721e+00   1.4090566e+00
   2.4710484e+00   5.3573832e-01
   1.5343090e+00  -3.2732959e-01
  -6.4913267e-01   2.6645346e-01
  -4.9504825e-01   1.9701631e+00
  -7.8150213e-02   1.3420424e+00
  -1.0864494e-01   1.8757857e+00
   2.0862648e+00   1.3876445e+00
  -1.6248720e+00  -1.4157766e+00
  -7.1801588e-01   3.6946854e-01
  -1.0439635e+00  -1.8178366e+00
  -1.7508869e+00   6.1961298e-03
   2.0370238e-01   1.4311349e+00
  -7.9473016e-01   1.6643995e+00
  -6.4188292e-01   5.6021820e-01
  -6.3884048e-01   2.0749945e-01
  -1.6237132e+00   3.8310245e-01
   2.0781600e-01  -1.8162222e+00
  -8.3664307e-01   1.5866398e+00
   1.1086499e+00  -5.9240705e-01
   5.7989942e-01   2.3522005e+00
   7.7324553e-01  -2.6677447e-01
  -5.8577394e-01   1.8194558e+00
   3.2634919e-01  -7.8626159e-01
  -1.6713997e-01   4.7107702e-02
  -2.7062879e-01   5.6784582e-01
   1.0006027e+00  -9.2002866e-01
  -1.1149725e+00  -9.7089009e-01
  -4.4419344e-01  -8.5168522e-01
  -4.0688366e-01   9.7089009e-01
  -1.1752463e+00  -8.7552585e-01
   6.3542479e-01  -9.3383440e-01
  -6.7070248e-01   2.3735148e-01
  -5.9166875e-01   2.7030744e-01
   1.7437013e-01   6.4760358e-01
  -8.9662849e-01   2.2335347e-01
  -1.5866349e-01  -1.7405559e-01
  -5.9684362e-01  -1.3397587e+00
   4.8658502e-02  -1.3143507e+00
  -1.9390672e-01   1.0241424e-01
   6.3353039e-01   2.4692214e-01
   2.8834691e-01  -3.0940434e-01
  -4.1227424e-01   1.5293020e+00
  -1.3982704e+00  -1.2401223e+00
   1.0895658e-01   2.7706162e-01
   1.2986237e-01   2.7315718e+00
  -2.4500622e-01   1.5086801e+00
   3.5887508e-01  -6.5372908e-01
   9.3191961e-01   9.2429435e-01
   1.6117383e-01  -1.0905038e+00
   2.5427027e+00   9.5219880e-01
   6.4989778e-01  -1.4512645e+00
  -1.0338659e+00  -1.2454873e+00
   1.3329985e-01  -2.0494792e+00
  -1.0584061e-01  -2.8963897e-01
  -6.4794452e-02   4.2038269e-01
   1.3723905e+00   1.0098451e+00
  -2.5491496e-01  -6.1808082e-01
  -1.1562987e+00  -3.3780706e-01
  -9.8689729e-01  -1.3892690e+00
  -1.8757857e+00  -7.2565398e-01
  -5.7916651e-01  -1.3700110e+00
  -6.6412191e-01  -1.7228859e+00
  -1.9967402e+00   4.9469809e-01
  -1.9990196e+00   3.2504247e-01
  -1.1675119e-01  -5.4326340e-01
  -9.2524456e-01   1.9267513e+00
   3.6482887e-01   1.1772843e-02
  -5.3001375e-02   1.2904760e+00
   1.3180340e+00   1.7040073e-02
  -1.2424069e-01  -1.7311443e+00
   8.6692259e-01  -4.2478631e-01
  -3.2308343e-01  -3.5635059e-02
   1.3136162e+00   3.3879121e-01
  -5.1475602e-01   1.4905597e+00
  -8.9385342e-01  -9.1577966e-01
   1.3803789e+00  -6.9062142e-01
  -9.2571998e-01   7.1936642e-02
  -4.2766055e-02  -1.6987911e+00
   1.0547088e+00   5.0875250e-01
  -6.2000601e-02  -4.8213222e-01
  -2.8382847e-01  -1.4337277e+00
  -7.3800411e-02  -2.0180495e-01
   1.4620046e+00   9.3959944e-01
  -1.1864445e+00   5.7660378e-01
  -5.2042339e-01  -6.0054976e-01
   1.1789626e+00  -2.0545664e+00
   2.3011743e+00   1.1254160e+00
  -1.4840056e+00  -1.4620046e+00
   5.6893818e-01  -1.6156623e+00
   8.2265669e-01   2.3672433e+00
  -1.2969141e+00  -1.7864101e+00
   2.2617657e-02   3.5425315e-01
   4.2750032e-01   1.3917128e+00
  -3.4700532e-01  -1.5943220e+00
  -7.0802907e-01  -1.4566135e+00
  -3.8425213e-02   1.1893493e-01
   1.4441965e+00  -7.3861486e-01
   2.3282534e+00   4.8074073e-01
   6.0947839e-01  -3.9345837e-01
  -9.9499647e-01   2.2177375e+00
   1.0950065e+00   1.1623652e+00
   1.1113838e-01  -4.9679997e-01
  -1.0170936e+00  -9.7287735e-01
  -8.5079506e-01   1.1046493e+00
   2.7416544e-01   9.0266495e-01
   1.7080437e+00  -1.5866349e-01
   1.9111280e+00   3.5095640e-01
   3.4404557e-01   2.2927542e-02
   9.2667145e-01  -6.1690204e-02
  -1.6054615e-01  -1.3637032e+00
  -1.7657240e-01  -2.0945268e+00
  -1.3787741e+00  -1.5454619e+00
  -2.8092682e-01  -5.9056191e-01
  -1.2392849e-01  -5.5081936e-01
   1.0285935e+00   5.8173305e-01
  -1.0699601e+00  -5.0136158e-01
   7.4269061e-01  -1.4821446e+00
  -1.2118775e+00   7.3536308e-01
  -2.8286099e-01   1.0727099e+00
   6.6257773e-01   6.6798933e-01
   1.5803607e-01  -1.9387852e+00
   1.6431317e-01   1.8511683e+00
  -2.1003249e-01  -8.0454004e-01
   1.0264925e+00   8.0668287e-01
   5.1440236e-01  -8.2501495e-02
   6.0017878e-01   4.6204515e-01
  -6.6142062e-01   3.5854469e-01
  -1.9106635e-01  -1.5599405e+00
   6.8630221e-01  -7.1121713e-01
  -1.0124277e+00  -1.2255493e+00
  -9.7736281e-01   7.9855965e-01
   8.3928375e-01   5.6893818e-01
   2.0749945e-01  -8.4635437e-01
  -2.0054040e-01  -8.5480608e-01
  -1.4017958e-01  -6.5296205e-01
   8.4325579e-01  -5.0981061e-01
  -5.3287961e-01  -7.9515508e-01
   1.5393548e+00  -4.0856694e-01
  -3.4305966e-01   1.7001040e+00
  -6.9613730e-01  -3.4865094e-01
   5.2610753e-01  -1.1514759e+00
   2.0419465e+00   1.4747517e+00
  -5.8503852e-01   2.1066596e-01
  -1.4486055e+00  -7.2969107e-01
   2.4404860e-01  -6.9377076e-01
   1.1746285e+00  -7.8246909e-01
   2.2141288e+00  -1.1612737e-01
  -2.0059211e+00  -3.6118892e-01
   9.7886234e-01   8.8511076e-01
  -1.3298729e-01  -2.6164153e-01
  -1.3389990e+00  -1.1771025e+00
  -2.6404007e+00  -2.6966483e-01
  -1.0520111e+00  -4.6514971e-01
  -1.6706204e+00   1.3884563e+00
   5.0734257e-01   5.8356864e-01
  -1.4530429e+00   7.0763107e-01
   8.4414027e-01  -6.6346808e-02
  -2.9745619e-02   2.0138654e-02
  -1.1086499e+00   1.4710852e+00
  -1.5490845e-02   6.3732148e-01
  -1.1795836e+00  -6.3315178e-01
  -7.8752827e-01   8.1227166e-01
   7.1241451e-01   1.7080437e+00
   6.1134463e-01  -1.1395345e+00
  -2.7899370e-01  -5.6312010e-01
  -1.3520204e+00   1.0927524e+00
   1.6769066e+00   1.1556943e+00
   1.2407910e+00  -1.1120931e+00
   1.8192438e-01   2.7255745e-01
  -2.3547319e-02   1.9422242e-01
   9.9195165e-01  -1.2563264e+00
  -1.4415644e+00  -3.3518426e-01
  -1.2986237e-01   7.7528724e-02
  -3.1233062e-01   1.0428956e+00
   5.5949346e-01   5.2646335e-01
  -4.5791264e-01  -1.5233438e+00
  -2.2875646e-01  -2.2675067e+00
  -3.6946854e-01  -8.2178789e-01
   2.6164153e-01   6.1321300e-01
   8.0111916e-01  -1.2611414e-01
   5.2361864e-01  -1.7040605e+00
   1.0983982e+00  -1.0322812e+00
  -6.9534802e-01   4.3076145e-02
   2.4477000e-02   7.3211905e-01
   2.3862629e-01   1.0160549e+00
  -2.7416544e-01   9.1625095e-01
   7.9473016e-01   1.3941654e-02
  -2.3289265e-01  -2.2362287e+00
   5.3621865e-02  -5.1794187e-01
  -6.3466676e-01  -4.7796055e-01
   2.0013096e+00   3.9915531e-01
  -8.2091971e-01  -2.3639562e-01
  -6.1961298e-03  -4.4077677e-01
  -5.0558158e-01  -1.2728673e+00
   6.6721505e-01  -1.9247726e+00
   5.7345248e-02  -3.1819123e-01
  -1.0910654e+00   1.1040792e+00
   5.2681924e-01  -9.4636505e-01
  -7.8583964e-01   1.6260329e+00
   9.8538589e-01   7.7742986e-01
   1.0322812e+00  -8.9200720e-01
  -3.1525957e-01  -2.6026517e-02
  -5.2824346e-01  -1.1075050e+00
  -1.3676392e+00   7.4800761e-01
  -8.0754104e-01   6.9022823e-01
  -2.4085815e-01  -9.3096349e-01
   3.7345174e-01  -1.5333045e+00
   1.0303712e-01   1.2209667e+00
  -7.8120742e-01  -2.0059211e+00
  -5.0065912e-01  -3.0518217e-01
  -8.9246847e-01   1.8255436e-01
   2.4045853e+00   4.7657184e-01
   1.3861543e-01  -8.3708278e-01
   9.9043269e-01   6.4173553e-02
  -2.4149604e-01  -5.1475602e-01
  -2.1411981e+00  -1.0031615e+00
   9.7586547e-01   6.9452004e-02
   4.3372767e-03   7.4759786e-01
   1.2486512e-01   1.2618017e+00
  -9.5268641e-01  -5.5913121e-01
   2.7030744e-01  -9.1530857e-01
   4.4043538e-01  -1.2082670e-02
   9.4008127e-01   1.1389417e+00
   6.1690204e-02  -3.8276908e-01
  -1.5454619e+00  -1.0521755e-01
  -1.0466385e+00   3.7311958e-01
   2.6324482e-01  -3.0675456e-02
  -1.2529234e+00  -1.5413841e+00
  -4.5550563e-01   5.0769496e-01
  -3.7777356e-01   1.2073703e+00
   1.0843484e+00  -8.9653460e-02
  -1.2018304e-01  -1.7941017e+00
  -2.3100135e+00  -5.5840691e-01
  -8.9200720e-01  -1.4132491e+00
  -1.6902524e-01  -1.3150859e+00
  -1.2890526e+00   2.0275357e-01
   6.5641670e-01   8.5299567e-02
   8.8511076e-01  -1.3352121e+00
  -1.4933884e+00   1.1876980e+00
   2.9842585e+00  -9.8055128e-02
  -1.3012362e+00   3.6847366e-01
  -9.7287735e-01  -6.8520376e-02
   5.4541906e-01  -1.2164096e+00
  -3.4078562e-03   7.2888271e-01
  -3.5227464e-01   2.1231511e+00
  -2.2430646e-01  -6.5725846e-02
  -1.7720178e-01   1.8392688e+00
   2.1668817e-01   5.1440236e-01
   1.1984286e+00  -1.3830264e-01
  -5.9351509e-01   4.9750108e-01
   1.6214022e+00   5.2432942e-01
  -5.6493619e-01  -5.7404484e-01
   1.0471744e+00   2.0085651e-01
   1.6656385e+00  -5.8614177e-01
  -2.9254788e-01  -2.0338609e-01
  -2.6336427e-02   2.9416501e-01
   1.1153194e-02   1.6883918e+00
   9.0080408e-01   3.6416670e-01
   9.0313065e-01   5.3860142e-01
   8.5610505e-02   7.9091228e-01
  -3.9379313e-01   2.7963796e-01
  -9.1530857e-01  -1.2969141e+00
   6.7770194e-01   1.0754677e+00
   1.3504765e+00   4.5241476e-01
  -2.8899288e-01  -6.6142062e-01
  -1.4191607e+00  -1.1259998e+00
   1.6295290e+00   8.2570240e-01
  -8.5213055e-01   2.4213403e-01
   2.1732254e-01   5.9425420e-01
  -6.9377076e-01  -5.8871879e-01
   8.2091971e-01   6.2823809e-01
   9.2192245e-01   2.5491496e-01
  -4.0991440e-01   2.7266175e-02
   4.9434799e-01   6.2484518e-01
   6.3466676e-01   1.8848598e+00
   8.7370927e-01   9.3697881e-02
  -8.0839981e-01  -1.8426421e+00
   1.3352121e+00   5.4182769e-01
  -1.5115869e+00   9.6940215e-01
  -2.8350595e-01   3.2845182e-02
  -9.5659547e-01   7.7910740e-01
   3.1949507e-01  -2.7882442e-03
   1.8003323e+00   2.1668817e-01
  -2.5875728e-01  -3.8388854e+00
   2.1795369e+00   7.4882749e-01
  -6.6657298e-02   1.7925549e+00
   8.3745001e-02   8.6782517e-01
   3.3780706e-01   1.1353932e+00
  -2.8479622e-01   4.5963357e-01
   6.0835967e-01  -9.0173412e-01
   1.7624820e+00  -6.8043292e-01
  -3.2700275e-01   3.8744019e-01
  -1.1448879e+00  -1.6533615e+00
  -1.7758163e+00  -9.1519930e-02
   1.2666238e+00   8.8282128e-01
  -4.8840551e-01   4.7830787e-01
  -8.1011913e-01  -1.4812161e+00
  -5.1760456e-02   1.8325843e+00
   1.7758163e+00   1.0026492e+00
  -9.2453284e-02  -7.9685621e-01
   8.1313373e-01   7.5416901e-01
   6.6334962e-01  -1.2049509e-01
   5.7477558e-01   1.0639390e+00
  -1.0428302e-01  -1.1889533e+00
  -1.5987545e+00   1.3012362e+00
   2.6260342e-01  -9.8236983e-01
  -8.1745316e-01  -1.6619290e+00
  -1.1000988e+00  -7.7742986e-01
  -1.0802168e-01   3.1233062e-01
   5.8063263e-01  -1.3925292e+00
   1.9854956e+00   7.7491763e-01
   1.5609873e+00   1.3723905e+00
   2.5875728e-01  -1.1460820e+00
   4.3696337e-02   1.9967402e+00
   1.5834977e-01  -3.7544555e-01
   2.2105486e+00  -2.7609597e-01
  -1.2604293e+00  -1.5106166e+00
   1.0739847e-01  -2.7725595e+00
  -1.1442915e+00  -3.9446278e-01
   5.7076027e-01  -5.9388460e-01
  -1.9053876e+00   4.6860449e-01
   2.4245307e-01  -1.8602058e-01
   5.2290812e-01  -4.5722466e-01
  -1.5009904e+00  -4.9750108e-01
  -1.1789626e+00   9.5415060e-01
  -1.3517550e-01   1.4007451e+00
   1.1715462e+00   1.2229275e+00
  -8.2439616e-01   6.4416866e-01
   9.9652234e-01  -5.7221932e-01
  -2.0085651e-01   1.5812093e+00
  -2.8834691e-01   2.5929107e+00
   1.6706204e+00  -1.0082987e+00
  -7.4555099e-01  -6.5028048e-01
   1.0552493e+00  -1.7728258e+00
   3.6416670e-01   4.9855320e-01
  -5.6748186e-01  -1.3966253e+00
  -9.9703149e-01   3.2667595e-01
  -7.0286377e-01  -7.1315441e-02
  -5.7733560e-01   9.6445779e-01
   1.0821202e+00   2.1890886e-01
  -1.4487409e-01  -1.5475105e+00
   1.3676392e+00   5.7953292e-01
  -6.0612450e-01   2.6019492e+00
   1.5174391e+00  -6.8512647e-01
   9.2953091e-01  -1.0490603e-01
   3.5095640e-01  -1.2714756e+00
   2.6484880e-01  -1.4990817e+00
   9.3671303e-01   2.0054040e-01
   2.3671421e-01  -6.6657298e-02
   3.5524292e-01  -1.4371998e+00
   5.9573338e-01   1.6974811e+00
  -3.8877634e-01   1.0264925e+00
   6.9890319e-01  -1.6148769e-01
  -7.1626038e-02  -2.4277213e-01
   2.4645394e+00   4.7033398e-01
  -4.7414382e-01   8.8694568e-01
   8.0636473e-02  -5.7003121e-01
   1.1190194e+00   6.1995696e-01
   1.8546168e+00  -1.1519172e-01
  -4.0116909e-01  -1.6099751e+00
   6.3732148e-01   7.5087938e-01
  -3.0615603e-01  -3.7710821e-01
   7.7241029e-01  -9.5561684e-01
   5.1510975e-01   6.7419808e-01
  -3.1916906e-01   2.2213754e+00
   1.1514759e+00   2.9093152e-01
   1.3236220e-01   4.8526648e-01
  -2.7545235e-01   3.3158167e-01
   2.3034683e-01  -3.6383568e-01
  -1.1764833e+00   5.5913121e-01
   1.2421300e+00   9.6989789e-01
   7.5664159e-01  -1.0677529e-01
  -5.5949346e-01  -1.9594884e+00
  -7.3536308e-01   1.7381176e+00
   6.0873249e-01   8.0550043e-03
   5.5262303e-01   1.2262061e+00
   1.5998675e+00   5.7034937e-02
  -2.5779635e-01   6.4989778e-01
   2.0036100e+00   6.9298278e-01
  -1.1908398e+00  -9.5610604e-01
  -2.3958265e-01   5.6414330e-02
  -4.5722466e-01   2.1034921e-01
   1.4830745e+00   9.4442761e-01
   1.5096476e+00  -7.2247252e-02
   3.0615603e-01  -2.0433502e-01
   1.3055828e+00   7.7659190e-01
  -1.1460820e+00   1.4775146e+00
  -1.8475988e-01  -7.0383692e-02
   1.9674867e-01   9.4879185e-01
  -1.2347927e+00  -4.7449051e-01
  -2.0862648e+00  -7.0564275e-01
  -5.4218651e-01  -1.3389990e+00
   4.9574875e-01  -1.4115691e+00
  -1.7610197e+00   5.4721739e-01
   2.3512148e-01  -1.1697021e+00
   1.4149331e+00   8.4546823e-01
   7.9558015e-01   7.5870562e-01
   1.1020326e-01  -5.4649785e-01
   6.1845588e-01  -8.7780065e-01
   2.4756098e-01  -3.0031717e-01
  -7.0048611e-01   9.7432552e-02
   1.2112321e+00  -3.1915282e-02
   1.3933466e+00   6.0240592e-01
  -3.4470303e-01  -1.7508869e+00
  -5.3073843e-01  -5.3645368e-01
  -9.2941366e-04  -4.2953789e-01
   8.4768482e-01  -1.1508749e+00
   1.0877008e+00   5.5768291e-01
   1.0124277e+00  -1.1593266e+00
   1.6054615e-01  -1.2157606e+00
   2.7320056e-01  -1.0233495e+00
   3.0193804e-01   4.3668353e-01
  -6.4302537e-01   9.6593862e-01
   6.2070803e-01   3.3452892e-01
  -1.1643927e-01   1.3291926e+00
  -8.1399640e-01  -1.3121493e+00
   1.0995316e+00   9.6841138e-01
   9.5463912e-01  -2.5395498e-01
   3.9211977e-01  -8.9844516e-03
   1.6399917e-01   1.7537636e+00
  -4.4932821e-01   1.1908398e+00
   4.5035659e-01   1.5844620e+00
   1.2721711e+00   1.9011990e-01
   9.7836225e-01  -4.9469809e-01
   1.2749595e+00   1.4389424e+00
  -1.2855054e+00  -1.0926823e-01
  -1.1271685e+00   3.1558518e-01
   3.7411618e-01   1.0864494e-01
   1.1213401e+00   3.7112749e-01
   5.8356864e-01   1.6009825e+00
   2.3416612e-01  -7.8331089e-01
  -1.7107144e+00  -1.1046493e+00
   1.0961357e+00   5.2824346e-01
  -3.5635059e-02   1.7972083e+00
   1.9580118e-01  -5.8210001e-01
  -1.1213401e+00   1.2414602e+00
  -3.1493400e-01   3.9011319e-01
  -1.1207594e+00  -8.4325579e-01
   1.9327333e+00   9.2619561e-01
  -7.1081823e-01  -3.2210437e-01
   1.0854645e+00   4.6722191e-01
  -1.4363302e+00   6.5872415e-01
  -2.7159299e-01  -8.5302171e-01
  -2.2843845e-01  -1.1839432e+00
   4.5481839e-01   1.6065877e+00
   1.2833848e+00  -3.5359349e-01
  -8.3181691e-01  -1.1012343e+00
  -5.1140026e-02   2.3798883e-01
   1.7270004e+00   9.0686338e-01
   9.3048575e-01  -2.8060456e-01
  -6.2258723e-01   1.2997928e+00
   8.1141020e-01  -6.8004247e-01
  -1.4924442e+00   1.4424797e-01
   1.5125587e+00   6.5756999e-01
  -2.7996013e-01  -6.3846060e-01
  -1.6202500e+00  -7.4514199e-01
  -2.3990423e+00   4.8735863e-01
  -7.0088211e-01  -1.1359836e+00
   1.3321988e-02  -4.9899226e-02
  -5.3252258e-01  -5.5442850e-01
   1.4674384e+00   9.1248627e-01
   2.5555509e-01  -7.3658158e-01
  -4.5241476e-01   4.5516198e-01
  -9.4782046e-01  -6.0092083e-01
   9.3000822e-01   8.3094151e-01
  -5.8586550e-02   1.1955896e-01
   9.9856046e-01  -1.3423761e-01
   1.1623652e+00  -3.5458303e-01
   3.6052763e-01   9.1013990e-01
   1.3455023e-01  -4.8074073e-01
  -1.4115691e+00  -1.8034974e-01
  -1.4048887e+00  -3.0550676e-01
  -2.2557743e-01  -1.2570088e+00
  -2.8511886e-01   6.4951518e-01
   3.4470303e-01  -1.6485197e+00
   5.3573832e-01  -8.3840288e-01
  -1.9637315e+00  -1.3111218e-01
  -2.5203570e-01   1.6023233e-01
  -1.2299197e-01   3.3092711e-01
   1.4821446e+00   2.3237429e-02
  -3.8476996e-01  -6.5641670e-01
  -4.1294891e-01  -9.3000822e-01
   6.0092083e-01  -2.8544153e-01
   2.3571557e+00  -2.9745619e-02
  -6.1097121e-01  -3.8010362e-01
  -3.6251198e-01  -2.6067987e-01
   1.2529234e+00   8.0539673e-01
   1.3715965e+00   4.0251251e-01
  -3.0031717e-01  -4.0924058e-01
  -4.1159977e-01  -3.5095640e-01
  -1.2022490e+00   2.1172861e+00
   6.2145945e-01  -7.9393282e-02
   1.7174449e+00   7.8150213e-02
   1.1643927e-01   1.0343947e+00
  -5.3502323e-01   1.0412959e+00
  -5.2931233e-01   1.7758163e+00
   7.0167444e-01  -1.2707806e+00
   6.4483999e-02  -7.4421724e-02
  -1.0238726e+00   8.5302171e-01
  -3.5293399e-01   2.0571301e+00
   5.2859969e-01  -2.1795700e-01
  -5.8136616e-01   7.4473312e-01
   1.2248931e+00   8.5972720e-01
   9.8639324e-01   5.8393599e-01
   2.5075669e-01  -1.4683483e+00
   1.5176519e-01  -2.4309121e-01
   8.3050404e-01  -1.1167047e+00
   3.3813507e-01   7.5129014e-01
  -5.6021820e-01  -8.0797035e-01
  -1.1248326e+00  -2.0345278e+00
  -1.4242675e+00   1.8866934e+00
   2.2756843e+00  -3.5161544e-01
  -1.6668801e+00  -1.5954272e+00
   1.1318590e+00  -1.0223727e-02
  -8.7962377e-01  -6.6644117e-01
  -3.9613768e-01  -2.2798308e+00
  -7.9006543e-01  -3.0128960e-01
   1.1460820e+00  -6.0277741e-01
   7.4718824e-01  -1.5991853e-01
  -9.9144508e-01  -1.0871412e+00
  -1.7353182e+00   5.5190135e-01
   7.6077288e-01   4.5207160e-01
   3.0583138e-01  -1.0046998e+00
   1.8050515e+00  -9.9300395e-02
  -2.1320878e+00  -1.0509341e+00
   3.8877634e-01  -4.9574875e-01
   6.4416866e-01   2.4518264e+00
  -6.8209847e-02  -4.9364797e-01
  -6.6967795e-02  -9.9923085e-02
   6.7380927e-01  -1.0328091e+00
   6.3126010e-01  -1.1371657e+00
  -9.1436699e-01   6.2710632e-01
  -9.6248663e-01   1.3306929e+00
   1.0782338e+00   1.3795760e+00
   7.6325790e-01   2.3193779e-01
   1.3621348e+00   1.1312713e+00
  -1.1526790e+00   6.8708657e-01
  -1.2268634e+00   1.2236768e-01
  -1.1883254e+00  -2.9157797e-01
   3.4076049e-01   3.2831031e-01
   4.4864290e-01  -2.0528413e-01
  -6.1545788e-01   1.2183595e+00
   1.4849380e+00   4.8038168e-02
   3.2145184e-01   9.9805054e-01
  -5.7367958e-01   2.6228277e-01
   5.4254540e-01   6.1134463e-01
  -1.2434713e+00  -1.1145011e-01
  -1.3435688e+00   2.3055714e+00
   2.5235551e-01   3.3682324e-01
   1.3692195e+00   5.8896890e-02
   5.1157539e-01   6.2000601e-02
   7.6596547e-02  -6.6180623e-01
  -1.4276928e+00   1.3232208e+00
   1.5709505e-01   4.9890404e-01
  -1.3543422e+00  -5.5804487e-01
  -5.9093078e-01   8.9801861e-01
  -3.1037947e-01  -2.7886019e-02
  -1.5444400e+00  -4.6895028e-01
   1.0423621e+00  -1.6996810e-01
  -2.2271826e-01  -3.4799258e-01
  -8.1258116e-02  -1.7909034e-01
  -2.4275289e+00  -9.2239641e-01
   3.7943768e-01   1.9327539e-01
  -4.7379718e-01   1.7339235e+00
   2.2213754e+00   4.2919817e-01
  -1.8696629e-01   8.7598045e-01
   0.0000000e+00  -1.3034064e+00
  -8.2613812e-01   6.0985147e-01
  -8.5168522e-01   2.2430646e-01
  -4.8422120e-01  -6.4683961e-01
  -8.8694568e-01  -7.9941224e-01
  -1.2288385e+00   1.1544870e+00
   1.1442915e+00  -1.3787741e+00
   8.8720343e-02  -1.5096476e+00
   4.0520153e-01   4.4521946e-01
  -4.2648219e-01  -1.5768983e+00
   1.0397153e-01  -1.8276241e+00
  -2.6206908e+00   6.3770109e-01
   6.5415375e-02  -2.2144810e-01
   5.5913121e-01   3.1915282e-02
  -1.8003486e-01  -2.4979771e-01
  -1.0471744e+00  -3.9044751e-01
   7.4421724e-02   1.6337120e-01
   2.3190370e+00   8.5610505e-02
   1.5910182e+00  -7.1201527e-01
   1.1611485e+00   2.0448523e-02
  -2.4117708e-01   9.7936267e-01
   1.3637032e+00  -6.9762560e-02
   1.2131699e+00   7.5458079e-01
  -1.4174407e-01   1.6318708e+00
   6.9180162e-01  -5.3109513e-01
   1.5747537e+00  -2.9125741e-02
   7.9600536e-01  -5.1900499e-01
   2.2081316e-01   2.7802753e-01
   2.5139614e-01   1.9531892e+00
   1.8276241e+00   2.5299522e-01
   7.0524542e-01  -2.9287125e-01
  -1.3048725e-01   4.5756862e-01
  -6.5833933e-01   7.2203068e-01
   1.9138187e-01  -5.8577394e-01
  -2.0844918e-01  -1.4398153e+00
  -7.2404245e-01   2.7725595e+00
  -1.0455676e+00  -4.7900268e-01
   1.2542828e+00  -2.2589523e-01
   2.1351049e+00  -9.1208830e-02
   8.0197350e-01   1.6987911e+00
   6.3808080e-01   4.2343048e-01
   1.3660623e+00   1.2583752e+00
   1.8959577e+00  -6.0724170e-01
  -4.2309164e-01  -8.9848237e-01
   2.8060456e-01   1.0333374e+00
   3.8677237e-01   1.4330890e-01
   4.1733881e-01  -2.6805880e-01
   1.3092239e+00   1.4208588e+00
   1.3767711e-01   1.3389990e+00
   4.4077677e-01  -8.4591122e-01
  -1.0482471e+00   2.0369883e+00
  -7.8204840e-01   1.4166211e+00
   1.0810082e+00   3.2438932e-01
  -7.5211204e-01  -6.9732203e-01
   2.5669983e+00   5.2691138e-02
  -3.4437429e-01   1.7728258e+00
   4.4419344e-01   3.3775112e-02
   5.0030798e-01  -1.1407213e+00
   2.6966483e-01   1.6342216e+00
   1.4299591e-01   2.9384153e-01
   1.9106635e-01  -1.2414602e+00
  -4.6445942e-01  -9.7636434e-01
  -8.9431546e-01  -1.0103611e+00
  -2.3416612e-01  -8.7461720e-01
  -2.2748457e-01  -3.4108883e-01
   4.1092548e-01  -2.0275357e-01
  -3.4705070e-02   1.6706204e+00
  -8.9570270e-01  -1.2700863e+00
   1.5019841e-01   4.2512539e-01
   6.8944218e-01   2.7609597e-01
  -7.7449940e-01   2.4819992e-01
   1.0776799e+00  -2.5875728e-01
   6.1658148e-01   2.4341031e-01
  -1.0821202e+00  -1.8443366e+00
  -1.5077140e+00  -4.8631229e-01
  -8.3752265e-01  -7.2484798e-01
   1.8309259e+00   1.0633936e+00
   8.4679769e-01   1.0280678e+00
  -1.4710852e+00  -3.9580261e-01
   2.7834956e-01   6.3277326e-01
   8.1529154e-01   1.4433180e+00
   1.7941017e+00   1.1496742e+00
   2.8511886e-01   4.8348333e-02
   1.0705094e+00   3.5722351e-01
  -7.9898587e-01  -4.7622481e-01
   2.1664010e+00  -8.2309132e-01
   1.3299424e+00   1.0514725e+00
   1.7451765e+00  -6.7342057e-01
   1.5485372e+00  -1.4706595e-01
  -1.4354616e+00  -8.5569929e-01
  -1.7480246e+00  -1.8279484e-02
  -7.4024369e-01   1.0272568e-01
  -5.1758763e-01  -1.4424797e-01
   4.5413137e-01  -8.5213055e-01
   1.1395345e+00   2.7352216e-01
  -1.4082210e+00  -1.0705094e+00
   8.3708278e-01   1.6368517e-01
  -6.6992679e-01   2.5619532e-01
   1.1508749e+00  -1.6858202e+00
   1.1295106e+00   1.4647161e+00
  -2.1193315e-01   3.2602245e-01
   1.4701717e+00  -3.0420859e-01
   1.1466797e+00   5.4901749e-01
  -1.1029402e+00   9.0275582e-02
  -2.1231511e+00  -9.9448836e-01
   1.1330355e+00   1.9453813e-01
   1.8696629e-01  -1.4925852e-01
  -3.3289120e-01  -1.2756582e+00
   1.0683142e+00  -9.2142157e-02
   1.0202166e+00  -3.1786536e-01
   7.6533236e-01  -2.1161632e-01
  -1.3917128e+00  -2.2049572e-01
   7.7032454e-01  -4.0905600e-02
  -7.4964786e-01   3.6615368e-01
   1.8615807e+00  -8.1568948e-02
  -9.0173412e-01  -2.6336427e-02
  -1.2714756e+00  -1.2392498e-02
  -2.3543998e-01  -1.1092228e+00
   5.8798210e-01   5.4577859e-01
  -4.2919817e-01  -1.1990641e+00
  -6.5680103e-01   7.4228248e-01
   3.1525957e-01   3.0119824e+00
  -6.5987920e-01  -1.5812093e+00
  -7.3489765e-02   1.0113939e+00
  -1.5740870e-01   5.2184285e-01
  -1.2177090e+00   1.9832821e-01
   6.2311005e-02  -3.7910478e-01
  -7.0383692e-02  -1.4433180e+00
  -9.2905380e-01  -6.0798693e-01
  -1.0716090e+00  -1.0386358e+00
   5.9056191e-01  -5.4577859e-01
   3.7805153e-02  -9.6544477e-01
  -2.4596407e-01   7.1962041e-01
  -1.1965249e+00  -2.1068265e-02
  -5.1581739e-01   2.3723788e+00
   8.0454004e-01  -3.4305966e-01
  -8.7098978e-01   2.2840169e+00
   3.6549120e-01  -1.0672185e+00
   4.8039301e-01  -4.9589038e-02
  -3.7145940e-01   4.4967095e-01
   4.7865525e-01  -4.8039301e-01
   1.8539019e-01   1.1377573e+00
  -1.4629072e+00  -1.9810672e+00
   5.6711797e-01   6.7303196e-01
   1.2515662e+00   1.0612149e+00
   1.4988510e-01  -7.0802907e-01
  -1.6389504e+00   3.8043666e-01
  -3.0096542e-01   1.6437162e+00
  -9.0592901e-01   1.5115869e+00
  -3.3158167e-01  -1.0927524e+00
   9.0826641e-01   4.9644950e-01
  -6.1283916e-01  -4.0890374e-01
   5.7404484e-01  -9.4442761e-01
  -4.5756862e-01  -5.2397400e-01
   7.0088211e-01   1.1783421e+00
  -9.0733085e-01   6.5104910e-02
  -9.4442761e-01   1.5877316e+00
   1.5239200e-01  -1.4330890e-01
  -1.2812699e+00  -8.4369795e-01
   1.3868336e+00   4.4624594e-01
  -1.6651168e-01   1.2354570e+00
  -3.3977568e-01   5.2070678e-02
  -2.6998612e-01   1.1629743e+00
   2.7352216e-01  -1.1538839e+00
  -1.3412804e+00   5.3752724e-01
  -1.1971590e+00   2.9578291e-01
  -1.0259680e+00  -1.7242542e+00
  -3.7511315e-01   1.5303003e+00
   1.2517736e-01   1.2556446e+00
  -1.1097961e+00   2.1320068e-01
  -1.7283784e+00   1.1167047e+00
   3.2471587e-01  -9.1483768e-01
   3.5194502e-01  -8.8419441e-01
  -3.0680543e-01  -6.9771716e-01
   9.1436699e-01   4.2716089e-01
  -7.8460969e-02  -5.7477558e-01
   1.1703163e+00  -9.5757502e-01
   7.3942903e-01   5.7989942e-01
   7.3495715e-01   8.0240089e-01
  -3.8810818e-01  -4.3838816e-01
   3.2177809e-01  -1.9832766e+00
   1.8255436e-01   4.2885850e-01
   1.1876980e+00  -1.9327539e-01
   1.4683483e+00  -5.8863196e-03
  -1.4896195e+00   7.1681369e-01
  -1.4073865e+00   4.7241122e-01
   9.1831039e-02   2.1631747e+00
   1.2334657e+00  -8.6232405e-02
   5.6021820e-01   1.7877554e-01
  -6.6760214e-01  -3.5491296e-01
   1.9469665e+00   1.3489359e+00
  -1.1733942e+00   1.0487839e+00
  -1.4477214e+00   5.1263502e-01
   2.0345278e+00  -2.4947810e-01
   1.6274330e-01  -5.7733560e-01
  -2.3193779e-01  -1.3473985e+00
   6.6064971e-01   1.8460365e+00
  -1.0843484e+00  -1.1063617e+00
  -1.5427281e-01   1.0590412e+00
  -7.4882749e-01  -8.9755504e-01
   6.6837662e-01   9.2857691e-01
  -9.1060878e-01   3.8844224e-01
   6.4173553e-02   2.5907765e-01
  -9.9093876e-01  -1.1018025e+00
   2.6646341e-02  -1.2421300e+00
  -8.5927896e-01   3.7245538e-01
  -1.4424797e-01   4.4316790e-01
  -8.1313373e-01  -1.3329985e-01
   4.4006440e-02   8.9616550e-01
   1.6883918e+00  -7.7533600e-01
  -8.7871185e-01  -2.4645394e+00
  -3.3387372e-01   1.1508749e+00
  -3.3583974e-01  -4.6170047e-01
   1.5303003e+00  -6.8826389e-01
   1.2321410e+00   8.0968908e-01
   1.0661241e+00  -2.2017830e-01
  -7.3252413e-01   9.4491163e-01
   5.4937772e-01   4.1564944e-01
  -1.3755753e+00  -1.7788228e+00
   1.0160549e+00  -4.8770753e-01
   5.4649785e-01   3.7511315e-01
  -2.1668817e-01   1.1300971e+00
  -8.4237197e-01   1.2361218e+00
   1.2940461e+00   3.1949507e-01
  -6.3694196e-01   5.3931788e-01
   1.4140906e+00   4.1936764e-01
   1.4015719e+00  -2.6956256e-02
  -2.4181503e-01  -8.6737379e-01
   5.5298398e-01  -6.5795461e-01
   7.2525092e-01   9.0639609e-01
  -4.4590373e-01  -1.0760203e+00
  -2.2287406e+00   2.5273023e+00
  -6.2861553e-01  -3.9647280e-01
  -1.2673872e-01  -2.8318345e-01
  -1.5283052e+00  -2.0591697e-01
   6.2899306e-01   2.1896416e+00
  -2.7447277e+00  -7.5994559e-01
  -2.6420713e-01   6.1396095e-01
  -4.4453540e-01  -6.8209847e-02
   8.2309132e-01  -6.1883102e-01
  -3.6255068e-02   1.9899633e+00
  -1.6839675e-01  -5.7806773e-01
   6.8209847e-02  -1.1324470e+00
   1.0921897e+00   1.1971590e+00
  -1.3582282e+00  -9.8639324e-01
  -1.4561326e-02  -9.1107785e-01
   1.5790501e+00   6.5725846e-02
  -1.8539019e-01  -1.8959577e+00
  -1.4550026e-01  -1.6871099e-01
   3.4141721e-01  -1.9034881e+00
  -5.1051633e-01   7.0246722e-01
  -4.2614292e-01  -1.5897723e-01
  -1.2756582e+00   5.4541906e-01
   5.2468491e-01  -7.3983630e-01
   6.9416492e-01  -1.8381455e-01
   5.7696965e-01   1.8409528e+00
  -2.1029343e+00   1.4896195e+00
  -1.9169741e-01  -3.6482887e-01
  -8.1184085e-01  -1.9053876e+00
   6.7497600e-01   7.5622918e-01
  -1.4345941e+00  -1.4450760e+00
  -3.9446278e-01   9.5565050e-02
  -1.7864101e+00  -4.5997792e-01
   9.1295615e-01  -1.0085719e-01
   7.0048611e-01   1.5899207e+00
   1.1265840e+00   5.4146894e-01
   3.6747914e-01   5.1760456e-02
   5.8503852e-01  -4.9995690e-01
   1.0955709e+00  -5.0206429e-01
   1.5273099e+00   1.1862293e-01
   5.9869566e-01   1.8162222e+00
  -1.8959577e+00   2.0622984e+00
   5.2646335e-01   9.0406265e-01
  -1.7909034e-01   3.0713018e-01
  -9.9296557e-01  -2.6611931e+00
  -1.2892514e-01   1.7353182e+00
  -1.0254437e+00  -3.2863729e-01
   3.0096542e-01   1.1063617e+00
   1.6965380e-01  -7.9133592e-01
  -1.3382401e+00  -9.5268641e-01
  -3.9781370e-01   9.2239641e-01
  -2.7255745e-01  -2.4784386e-03
  -6.7419808e-01   1.2144642e+00
  -7.6285836e-02  -1.1997001e+00
  -4.0049765e-01   5.8650968e-01
   6.9455918e-01   1.2328031e+00
   1.3673890e-01   5.4937772e-01
   4.5963357e-01   8.8236394e-01
  -1.0085719e-01   1.1965249e+00
   5.9499363e-01   5.3538074e-01
  -9.1154712e-01  -1.9453813e-01
   3.5920551e-01   6.7848170e-01
  -3.5260429e-01  -7.8879622e-01
   4.4795779e-01  -2.5683565e-01
  -6.0314897e-01   1.0155359e+00
  -4.1193698e-01   1.1442915e+00
  -1.9580118e-01  -1.9899633e+00
   9.4830604e-01   1.2235822e+00
  -2.8533721e+00  -2.2213754e+00
  -2.9481208e-01  -9.1436699e-01
   4.2241411e-01   1.8885823e-01
   8.0539673e-01  -8.7280205e-01
   2.0754657e+00   3.1168011e-01
  -1.9469665e+00  -3.0972935e-01
  -3.1884308e-01   2.7867161e-01
   4.7796055e-01   2.8382847e-01
   1.4840056e+00   7.1881791e-01
   4.6825876e-01  -8.1745316e-01
   1.5313002e+00  -3.7179135e-01
   6.5104617e-01  -1.0541687e+00
   1.1238536e-01  -1.3660623e+00
   1.0223041e+00  -2.5587310e+00
   3.5359349e-01  -8.8694568e-01
  -2.4628340e-01  -2.3723788e+00
  -1.7160926e+00  -1.5323016e+00
   1.4225611e+00   6.3126010e-01
  -8.8648667e-01  -4.4932821e-01
   7.7074142e-01   9.0897738e-02
  -1.2054461e+00   5.9980787e-01
  -2.4564476e-01   8.5079506e-01
   9.9296557e-01   1.0285935e+00
  -1.4236996e-01   1.4441965e+00
   3.3027270e-01  -1.2143133e-01
   2.6709551e-01   5.2966876e-01
  -8.1875196e-01  -4.3634276e-01
   1.5223560e+00   1.4971786e+00
   2.3321098e-01  -9.9144508e-01
   1.7311443e+00  -5.5154062e-01
   3.3387372e-01   1.4877430e+00
   1.7743191e+00   1.9801226e-01
   6.6219193e-01  -8.9246847e-01
   1.2082670e-02  -1.7566549e+00
   1.6260329e+00   2.1763976e-01
  -1.3736436e-01  -1.0710591e+00
   5.0065912e-01   4.2783979e-01
   1.4793628e+00   5.9207235e-02
  -1.6606976e+00   3.7810630e-01
   1.4251490e-02  -1.1977935e+00
  -4.9715049e-01  -2.7447277e+00
   1.3367245e+00   2.8899288e-01
  -1.6730224e-02   1.3692195e+00
   6.7653306e-01   4.8143636e-01
   1.3224777e+00  -7.8150213e-02
   7.6741011e-01   8.3745001e-02
   1.5364581e-01   1.7188004e+00
   2.4102031e+00   5.2397400e-01
  -2.1688016e-02   2.8533721e+00
  -4.5310125e-01   6.1283916e-01
  -2.4645394e+00  -8.0550043e-03
  -4.9329806e-01  -2.6196213e-01
   9.6347174e-01  -1.0334858e-01
  -1.7972000e-01  -2.0675224e+00
  -1.2721711e+00   6.0389235e-01
   9.7337477e-01   1.8696629e-01
  -9.3767430e-01  -6.3732148e-01
   4.2004429e-01   5.7039570e-01
  -4.6895028e-01  -2.2875646e-01
   1.4871164e-02  -8.3006674e-01
   1.7654182e+00   4.7449051e-01
  -4.1215666e-02  -1.0291194e+00
  -1.0557900e+00   1.2673151e+00
  -9.1577966e-01   2.5683565e-01
   1.2105872e+00   8.7916772e-01
   1.0672185e+00   5.2931233e-01
  -3.8043666e-01  -1.8704145e+00
  -1.5164601e+00  -1.6473153e+00
   9.6040874e-03   8.7234872e-01
   2.9319464e-01   1.3337027e+00
  -7.5458079e-01  -4.6929612e-01
   4.2444728e-01  -3.4010392e-01
   1.6133812e+00   9.6040874e-03
   7.0763107e-01   1.2157606e+00
   3.5557292e-01   6.4722155e-01
   1.1933618e+00  -5.0945784e-01
  -1.3830264e-01  -2.5349274e+00
   3.1688794e-01  -5.9351509e-01
   1.0849063e+00   9.5610604e-01
   1.6525529e-01  -1.0116858e-01
   4.2038269e-01  -1.6237132e+00
   5.3609597e-01   1.0243960e+00
   5.7587227e-01   1.1490745e+00
   1.2990722e+00  -5.2931233e-01
  -4.1733881e-01  -2.1862485e+00
  -1.3392501e-01   1.1605408e+00
  -7.6616306e-01  -6.8904931e-01
   1.6776833e-01   7.4105883e-01
  -3.2604522e+00  -1.2073703e+00
  -5.0101032e-01   5.6748186e-01
   1.4831876e-01  -1.7381176e+00
   6.2522182e-01  -4.8456956e-01
  -1.6413287e+00  -7.7994700e-01
   9.1060878e-01  -9.6742157e-01
   7.3374010e-01  -8.9385342e-01
   6.5257868e-01  -1.8349948e-01
  -3.0388413e-01   1.0961357e+00
  -1.6274330e-01   7.8626159e-01
  -4.6342440e-01  -1.4675278e-01
   7.8626159e-01   3.2994555e-01
  -2.8447360e-01  -5.0347046e-01
   4.8074073e-01   6.2183529e-01
   1.2763574e+00   9.7836225e-01
  -1.0694112e+00  -1.1623652e+00
  -9.0219944e-01  -3.7176627e-03
  -7.2002183e-01   9.2953091e-01
   1.0113939e+00  -4.9224866e-01
  -1.1777221e+00   1.9896016e-01
  -3.6781061e-01   1.3933466e+00
  -1.2580187e-01  -5.2753122e-01
   1.5323016e+00   4.5138544e-01
   2.3543998e-01  -2.7899370e-01
  -1.0181335e+00   8.8832384e-01
   4.7587784e-01  -2.4915852e-01
  -1.6077148e+00  -1.4234138e+00
  -2.4053924e-01   2.7320056e-01
  -1.3423761e-01   6.3580395e-01
   1.0590412e+00  -6.1995696e-01
  -6.4416866e-01   1.9072941e+00
  -1.2144642e+00  -6.9416492e-01
  -4.9278854e-02  -1.2035263e+00
  -3.6847366e-01   1.5929098e-01
   2.2287406e+00   3.7478078e-01
  -3.8343587e-01  -1.5678140e-01
   8.1831887e-01   5.4793722e-01
  -8.1568948e-02   6.5372908e-01
   5.8320136e-01  -1.3204968e-01
  -1.9287376e+00  -1.6088439e+00
  -1.9327539e-01  -2.8253855e-01
  -4.9574875e-01  -6.6489460e-01
   3.1070458e-01   6.3315178e-01
   1.3884563e+00   1.7311206e-01
  -3.0258661e-01  -1.9854956e+00
   2.1688016e-02  -1.0072691e+00
  -2.8253855e-01  -1.3520204e+00
  -1.8980445e-01  -4.6376935e-01
   6.8551828e-01  -9.5953689e-01
  -2.3352934e-01  -4.9785173e-01
  -2.0781428e+00  -1.2686995e+00
  -1.2486512e-01  -1.1082666e-01
  -9.8740159e-01  -4.3566137e-01
  -1.2334657e+00   5.9943705e-01
  -1.2174344e-01  -1.8598312e+00
  -5.9129972e-01   9.8639324e-01
  -1.4812161e+00   1.3844063e+00
  -9.6187514e-02  -2.2303585e-01
  -1.5715503e+00   3.2340985e-01
   7.0073123e-02  -7.2525092e-01
   8.6421907e-01   6.7899324e-02
  -6.4493132e-01   8.6152186e-01
  -8.6692259e-01   1.5888252e+00
  -1.0905038e+00   1.2294979e+00
  -5.0699025e-01  -8.3123232e-02
  -2.6837995e-01   1.9990196e+00
  -3.5986649e-01  -6.0873249e-01
   1.4925852e-01  -2.8996206e-01
  -3.7677560e-01  -5.6384631e-01
   1.3486286e-01  -1.8325843e+00
  -1.0041868e+00   1.7668920e+00
  -6.9416492e-01   2.0394611e+00
   1.9169741e-01  -1.0882607e+00
  -3.0323531e-01  -7.1321333e-01
   9.9550484e-01   1.1454848e+00
  -6.5142915e-01   3.6118892e-01
   9.4879185e-01  -5.5334500e-01
  -7.6533236e-01   6.9062142e-01
   1.2022490e+00   2.9740159e-01
   2.0781428e+00   7.8499617e-01
  -1.0490603e-01  -6.0129198e-01
   1.1914696e+00   9.7138654e-01
  -9.1389651e-01   6.7614364e-01
  -8.9108522e-01   3.3354618e-01
  -8.2570240e-01  -1.3652751e+00
   1.2798632e+00  -1.6368517e-01
   7.6201481e-01   6.7809177e-01
  -3.3616754e-01   3.4898018e-01
   5.7367958e-01   2.8027203e+00
  -7.5293444e-01  -1.3917128e+00
   6.4569435e-01   6.2786075e-01
  -7.2928683e-01  -2.3282534e+00
  -4.2241411e-01   1.5584057e-01
   2.0908244e-01   5.4254540e-01
   1.6330450e+00  -3.9211977e-01
   4.4111820e-01   7.2525092e-01
  -1.4962290e+00  -1.8098113e+00
   4.4487740e-01   2.8996206e-01
  -1.6556936e-01  -1.0186539e+00
  -6.9141455e-02   1.1330355e+00
   5.4075164e-01   1.1401277e+00
   4.7935018e-01  -1.4871164e-02
  -2.9578291e-01   1.1740112e+00
  -6.0463606e-01  -2.0718291e-01
   8.7165318e-02  -9.1831039e-02
   4.0595538e-02  -6.5142915e-01
  -8.7053716e-01  -3.2406279e-01
  -1.4737913e-01  -1.0520111e+00
  -6.6346808e-02  -8.2265669e-01
   1.3077653e+00  -2.9772542e-01
   1.1870710e+00   4.4898553e-01
   6.0463606e-01   1.0210281e-01
  -2.2715765e+00  -3.2031069e+00
   2.5683565e-01   9.4976414e-01
  -3.6814211e-01   4.9294820e-01
  -4.9364797e-01  -2.5171591e-01
  -1.8650968e+00   1.2926161e+00
   5.7258427e-01  -1.5184196e+00
   2.2882435e+00   3.3310602e+00
  -1.5651915e+00   4.8666101e-01
  -3.0128960e-01  -1.4424407e+00
   1.2652431e+00  -1.0170936e+00
  -3.5920551e-01   3.6913687e-01
  -6.7536511e-01  -1.1599335e+00
   1.3084943e+00   4.4248446e-01
  -6.6489460e-01   2.4468699e-01
  -7.5664159e-01   7.7575450e-01
   7.1121713e-01   3.2863729e-01
  -7.2807481e-01   1.8082202e+00
  -9.2050180e-01  -5.9093078e-01
   2.9966904e-01  -1.7040073e-02
   3.2340985e-01  -6.6064971e-01
  -1.0031615e+00   2.5843694e-01
  -5.5913121e-01  -4.9925493e-01
  -2.5198213e+00  -7.5953214e-01
   1.8978302e+00   5.1723345e-01
  -3.5095640e-01  -4.0274695e-03
   2.0591697e-01  -6.1920625e-01
   1.6807104e+00  -1.6839675e-01
   9.4539588e-01  -6.6760214e-01
   2.1762176e+00   1.1889533e+00
  -1.6858202e+00   4.7068004e-01
   4.8004534e-01   2.0808349e+00
  -5.4577859e-01   6.5718546e-01
  -6.3277326e-01   2.8511886e-01
  -4.9399795e-01  -9.9043269e-01
  -8.1918520e-01  -3.7744087e-01
  -1.5051173e-01  -4.1835301e-01
   2.7770553e-01  -8.8008001e-01
   1.4174407e-01  -1.8922324e+00
   7.6160070e-01   2.1351762e-01
   1.1363252e-01   3.3465132e-02
  -1.3535674e+00  -3.0755567e+00
  -5.7185444e-01   9.2667145e-01
  -3.5524292e-01  -7.7366335e-01
   1.3202526e+00   3.7677560e-01
   1.2392849e-01   2.1193315e-01
   1.2618017e+00   6.9811239e-01
  -4.9154937e-01  -1.6743842e+00
  -1.2876318e+00   1.2883418e+00
   1.0738120e+00   8.1961860e-01
   6.1995696e-01   2.7095016e-01
  -1.2255493e+00  -1.3779731e+00
   5.1760456e-02  -4.4145969e-01
   4.6584022e-01   2.2882435e+00
   1.3254547e+00  -8.2048585e-01
  -1.1939934e+00  -9.8689729e-01
  -6.7186676e-01  -1.0098451e+00
  -2.1965043e+00   4.3191732e-01
   1.3276952e+00   1.1176185e-01
  -4.4864290e-01   2.4776638e+00
   7.5994559e-01  -8.5257605e-01
   4.4556157e-01   1.2576917e+00
  -1.7972083e+00  -9.2144869e-01
  -4.0274695e-03  -8.1054934e-01
  -5.0829819e-02  -2.0148878e-01
   3.0940434e-01   2.6677447e-01
  -9.0313065e-01  -2.0013096e+00
   5.6930244e-01   9.6187514e-02
  -1.1092228e+00  -2.3881725e+00
  -3.4667631e-01  -4.0251251e-01
   1.8019009e+00   8.9662849e-01
   2.7095016e-01   5.3967622e-01
  -3.0064128e-01   1.0926823e-01
   6.5066328e-01  -1.0552493e+00
  -9.5855550e-01   1.7093775e+00
  -1.9701631e+00  -4.8561502e-01
   1.3405191e+00  -3.2602245e-01
   5.6675415e-01  -1.2428003e+00
   1.2138168e+00   4.2072114e-01
   7.0962220e-01   1.0895658e-01
   1.0082987e+00   6.8826389e-01
   2.1536286e+00  -2.6132095e-01
  -9.0266495e-01  -2.1378139e-02
   2.3881725e+00   1.5987545e+00
   2.5043701e-01   1.7940516e-01
  -7.7074142e-01  -6.9180162e-01
   2.7545235e-01   1.1359836e+00
  -1.2508885e+00   2.5107641e-01
  -5.4793722e-01  -4.6722191e-01
  -2.2634742e+00   6.4683961e-01
   1.6533615e+00   1.6133812e+00
  -1.7499926e-01  -1.3405191e+00
  -2.8505875e-02  -1.7059676e-01
   2.5395498e-01  -9.4782046e-01
  -2.8221615e-01  -6.2033245e-01
   1.9264414e-01  -8.0325611e-01
   1.2111924e-01  -2.2716666e-01
  -1.0477106e+00   4.2410829e-01
  -3.5325059e-02   6.7380927e-01
   4.8387289e-01   1.2855054e+00
  -9.0275582e-02   2.2208314e-01
  -1.3055828e+00   1.7552075e+00
   1.4487409e-01  -9.9805054e-01
  -1.1201790e+00   7.7217991e-02
   5.7880017e-01  -9.6187514e-02
  -2.3512148e-01   1.0359829e+00
  -1.7256256e+00  -4.6549494e-01
   1.9643282e-01   2.6112053e+00
   7.0207078e-01   1.3106852e+00
   4.2783979e-01   1.1029402e+00
  -4.7830787e-01  -7.6990779e-01
  -5.8650968e-01   1.4665298e+00
  -7.9855965e-01  -7.1681369e-01
   1.3779731e+00  -2.1605389e-01
  -5.8283416e-01  -9.1955573e-01
  -1.2919021e+00   1.1799897e-01
  -4.3191732e-01  -2.0939910e-01
   9.3767430e-01  -7.2283504e-01
  -1.2341289e+00   1.9573800e+00
  -3.9848442e-01  -7.0922375e-01
  -3.8911049e-01  -5.3430842e-01
  -7.7491763e-01   2.6720367e+00
   9.4394380e-01  -1.2209667e+00
  -2.0013096e+00   3.6747914e-01
  -8.7370927e-01   2.9545927e-01
  -1.2659332e+00   5.6675415e-01
  -3.8577097e-01   1.8412964e-01
   7.4882749e-01  -2.9586545e+00
   1.2563264e+00  -3.9613768e-01
   9.4346021e-01   9.0313065e-01
  -4.7068004e-01  -1.7353182e+00
  -1.0223041e+00   1.0418288e+00
  -1.0849063e+00   3.5293399e-01
   1.4143114e-01  -4.0318449e-01
   1.0957990e-01   1.7987681e+00
  -2.8060456e-01   1.6485197e+00
  -1.3321988e-02   6.9141455e-02
  -1.0179139e-01  -1.2693926e+00
  -9.3575263e-01   4.3736523e-01
  -1.1190194e+00   4.2139819e-01
  -3.3944749e-01  -5.2667010e-03
  -3.3354618e-01  -1.5758251e+00
   9.3863644e-01  -5.7076027e-01
  -9.5073733e-01   1.8528898e+00
   9.4684996e-01   9.2762376e-01
  -1.3321963e+00   2.4309121e-01
  -7.2283504e-01  -4.4795779e-01
   6.8591019e-01  -2.0862648e+00
   8.6152186e-01  -2.7576096e-02
  -4.2004429e-01  -1.1103698e+00
   8.8419441e-01   5.2380905e-02
   9.9601346e-01   3.4799258e-01
   9.9958107e-01   5.6104035e-02
   4.2173678e-01   1.0732608e+00
   6.9969443e-01  -5.0065912e-01
   1.2756582e+00   8.5748775e-01
   1.8325843e+00   6.2296334e-01
  -4.1666292e-01  -8.4768482e-01
  -8.5257605e-01   1.7894741e+00
  -1.0366005e-01  -4.7068004e-01
   8.1918520e-01  -8.4990559e-01
   9.2764420e-02   2.2907448e-01
  -6.5415375e-02  -1.5207859e-01
   1.6283614e+00   1.6462720e-01
  -7.0842719e-01   6.6142062e-01
  -1.2275212e+00   1.7788228e+00
  -9.6692701e-01  -8.1011913e-01
   8.4369795e-01   3.6284285e-01
  -9.4976414e-01   1.3990943e+00
   4.3532075e-01  -9.5219880e-01
  -1.2736335e-01   1.3708033e+00
   1.9267513e+00   1.5709505e-01
  -1.1581547e-01   7.5252318e-01
  -6.5104617e-01   2.5811663e-01
   4.5928927e-01   1.2542828e+00
   7.7217991e-02   9.3287658e-01
   1.0021372e+00   7.9515508e-01
   2.3990149e-01  -9.4249370e-01
  -1.6225566e+00  -5.6748186e-01
  -3.2112563e-01   1.0471744e+00
  -7.1641319e-01   3.2732959e-01
   1.1472778e+00  -1.0536288e+00
   1.2367872e+00  -4.1362376e-01
   2.4784386e-03   5.7843391e-01
  -1.1902105e+00  -1.9485386e-01
  -1.2092989e+00   2.6292411e-01
  -5.5804487e-01  -1.5662469e+00
   1.8227085e+00  -2.5363503e-01
  -9.1483768e-01  -9.8136645e-01
  -4.2885850e-01  -3.1884308e-01
   1.8349948e-01   6.6682806e-01
  -6.8395167e-01  -1.5888252e+00
   2.1999749e+00   3.2373630e-01
  -1.4494907e+00  -1.2791608e+00
   1.7818454e+00  -3.7278746e-01
   1.2328031e+00   1.1870710e+00
  -5.6566315e-01  -1.0983982e+00
  -9.6593862e-01   4.2817931e-01
   8.6331930e-01  -7.8078714e-01
