   2.9986660e+02   0.0000000e+00
   2.6963010e+02   0.0000000e+00
   2.1165480e+02   2.0000000e+00
   2.7635670e+02   0.0000000e+00
   1.6600050e+02   1.0000000e+00
   2.1601710e+02   0.0000000e+00
   2.3822820e+02   0.0000000e+00
   2.1778200e+02   0.0000000e+00
   2.1135520e+02   2.0000000e+00
   1.5684300e+02   1.0000000e+00
   2.0416230e+02   2.0000000e+00
   1.7329320e+02   1.0000000e+00
   1.6836480e+02   0.0000000e+00
   1.9097550e+02   1.0000000e+00
   1.9916730e+02   1.0000000e+00
   2.4205770e+02   0.0000000e+00
   1.9420560e+02   1.0000000e+00
   2.3006970e+02   0.0000000e+00
   1.5651010e+02   3.0000000e+00
   1.1055600e+02   1.0000000e+00
   1.8065250e+02   1.0000000e+00
   1.7226090e+02   1.0000000e+00
   2.2084560e+02   0.0000000e+00
   1.1325330e+02   2.0000000e+00
   2.0329650e+02   1.0000000e+00
   1.6713270e+02   1.0000000e+00
   1.9533780e+02   1.0000000e+00
   1.7652330e+02   1.0000000e+00
   1.9780200e+02   1.0000000e+00
   1.8135180e+02   6.0000000e+00
   1.9353960e+02   1.0000000e+00
   1.7792190e+02   4.0000000e+00
   1.9477170e+02   0.0000000e+00
   2.2467520e+02   0.0000000e+00
   2.1491820e+02   0.0000000e+00
   2.0885760e+02   0.0000000e+00
   2.1135510e+02   0.0000000e+00
   2.1768210e+02   0.0000000e+00
   2.1555090e+02   0.0000000e+00
   2.0119860e+02   0.0000000e+00
   2.3952690e+02   0.0000000e+00
   8.9810100e+01   2.0000000e+00
   2.7975340e+02   0.0000000e+00
   1.6543440e+02   1.0000000e+00
   2.1005640e+02   3.0000000e+00
   1.9523790e+02   1.0000000e+00
   1.8135180e+02   0.0000000e+00
   1.7322660e+02   4.0000000e+00
   2.4362280e+02   0.0000000e+00
   1.9120860e+02   4.0000000e+00
   1.8588060e+02   1.0000000e+00
   2.0456190e+02   1.0000000e+00
   1.9986660e+02   0.0000000e+00
   1.7825500e+02   2.0000000e+00
