   2.2477015e+00   1.1201790e+00
   1.6643995e+00  -6.0463606e-01
  -5.2895597e-01  -1.1132438e+00
   8.0882942e-01   1.5270543e-01
  -1.1895817e+00  -3.1884308e-01
  -5.8356864e-01   6.0575226e-01
  -1.0639390e+00  -1.0815640e+00
   1.3739812e+00   1.5987545e+00
  -9.9296557e-01  -1.8279484e-02
   1.3852145e+00  -9.3697881e-02
  -2.4022035e-01  -9.3671303e-01
   1.8696629e-01  -4.9574875e-01
   2.7127156e-01   1.0085719e-01
  -1.0328091e+00  -1.2502114e+00
  -7.9091228e-01   7.2557870e-02
  -1.2392849e-01  -2.4981878e+00
  -2.3828417e+00  -1.5715503e+00
  -8.4988638e-02  -1.6111084e+00
   3.9513261e-01  -1.2583752e+00
  -9.4491163e-01  -2.8640972e-01
   7.5953214e-01  -9.8588944e-01
   1.9387852e+00   9.9245848e-01
  -2.7447277e+00   4.9364797e-01
  -2.5203570e-01   7.5293444e-01
   6.8512647e-01   5.1900499e-01
   4.6376935e-01   1.1544870e+00
   2.3775777e+00  -4.4936773e-02
  -7.4718824e-01   9.4879185e-01
   6.0054976e-01  -8.5838301e-01
  -8.9431546e-01  -4.7900268e-01
   8.9062452e-01   2.1729221e+00
   1.8686361e+00   3.3354618e-01
   2.0835422e+00  -5.5226216e-01
   4.4009405e-01  -3.2210437e-01
  -9.7039387e-01  -3.5590296e-01
   2.4022035e-01  -5.7989942e-01
   4.5860085e-01  -1.0223727e-02
   2.1567888e+00   4.0654714e-01
  -1.8392688e+00   2.2927542e-02
   9.1519930e-02   2.1381416e+00
   3.1623649e-01  -3.6648499e-01
   6.3428788e-01  -1.0359829e+00
   5.1581739e-01   3.7345174e-01
  -8.5079506e-01   1.7014199e+00
   2.8479622e-01  -1.1383493e+00
  -4.8143636e-01   3.4634734e-01
  -8.2178789e-01  -1.9209061e-02
  -5.9207235e-02  -1.4988510e-01
  -1.7228859e+00  -7.3495715e-01
  -1.3551177e+00   4.4180123e-01
  -2.5406703e-02   1.5184196e+00
  -9.2810023e-01   1.7353182e+00
   6.8630221e-01  -9.9144508e-01
  -2.4394976e+00   7.5622918e-01
  -5.1546354e-01   5.0981061e-01
  -4.2580369e-01  -8.5257605e-01
   9.3144144e-01  -1.3715965e+00
   2.8511886e-01  -8.9292993e-01
   1.9832766e+00   9.5073733e-01
  -6.8787134e-01  -2.7867161e-01
  -1.6858202e+00   7.3780118e-01
   4.5584933e-01  -1.0503961e+00
   2.0419465e+00   7.9430538e-01
   1.7381176e+00   5.1617131e-01
   5.2753122e-01   4.6825876e-01
  -3.0365508e-02   1.8507503e-01
  -1.0871412e+00   1.0186539e+00
  -8.0411191e-01  -2.1862485e+00
  -1.6902524e-01  -1.8668635e+00
  -1.7972083e+00   1.7566549e+00
   6.5833933e-01   1.2805662e+00
  -4.0595538e-02  -1.4494907e+00
   7.7528724e-02  -9.2953091e-01
  -1.3941654e-02   7.7784904e-01
   1.3136162e+00   1.1395345e+00
  -4.6177277e-02   1.0957990e-01
  -1.0386358e+00  -6.6103512e-01
  -1.1990641e+00  -4.6273467e-01
  -1.0910654e+00  -2.7834956e-01
   2.2882435e+00   3.4395081e-02
  -3.9379313e-01  -8.0754104e-01
   6.7588808e-02   5.4721739e-01
  -9.2571998e-01   6.6180623e-01
  -1.4132491e+00  -7.7032454e-01
  -1.1120931e+00  -6.3239483e-01
   4.4967095e-01  -7.2605716e-01
  -1.5077140e+00  -3.5194502e-01
  -3.1721371e-01  -6.2145945e-01
   7.7032454e-01  -9.1530857e-01
   1.1706312e-01  -6.8983515e-01
   1.3558941e+00   6.1022463e-01
  -4.9715049e-01  -1.5270543e-01
  -4.1835301e-01   4.1193698e-01
   9.4631425e-02  -1.0147998e-01
   2.9740159e-01  -1.5991853e-01
  -9.0873448e-01  -2.3862629e-01
   1.2997928e+00   5.6239418e-01
   2.1510263e-01   5.8724573e-01
   1.0595841e+00   1.7367162e+00
  -7.5499269e-01  -1.1971590e+00
  -4.0116909e-01  -1.9092075e+00
   1.1371657e+00  -6.5372908e-01
   6.8160490e-01  -1.5704861e+00
   9.2667145e-01   1.5609873e+00
  -1.0849063e+00   2.7065968e+00
   5.3395112e-01   3.6913687e-01
   9.6297907e-01   1.4057203e+00
   1.2548961e-01   1.2049509e-01
   3.8276908e-01  -8.5391356e-01
  -8.3928375e-01   1.9359105e-01
  -1.1176185e-01   5.2859969e-01
   5.7034937e-02  -3.8010362e-01
  -4.6895028e-01   2.0835422e+00
  -6.8669433e-01   1.7122548e-01
  -6.3542479e-01  -1.3708033e+00
  -1.2515662e+00   3.3485657e-01
   4.0049765e-01  -2.5523501e-01
  -6.8983515e-01  -5.8798210e-01
  -2.3480300e-01   7.1561254e-01
   1.7846075e-01  -5.3466579e-01
  -6.2033245e-01   7.1681369e-01
   8.1442796e-01   6.6412191e-01
  -2.0129195e+00   3.4667631e-01
   3.4832174e-01  -6.4794452e-02
   3.5194502e-01  -9.3431363e-01
  -6.9653210e-01   1.2763574e+00
   6.9377076e-01   6.5104910e-02
   9.7188324e-01   1.7059676e-01
  -1.2183595e+00  -2.2515924e+00
   1.1035095e+00  -3.8577097e-01
  -7.2686386e-01  -1.0895658e-01
  -4.9399795e-01   6.9811239e-01
  -8.6421907e-01  -8.0582529e-01
  -1.1419098e+00   9.3671303e-01
   9.2381955e-01   1.1277535e+00
  -9.6692701e-01   5.9832509e-01
  -1.0228266e+00   1.2301579e+00
  -3.0355971e-01  -4.6342440e-01
   1.9267513e+00  -1.3924105e-01
   1.3933466e+00  -6.2861553e-01
   4.7137235e-01  -1.8885823e-01
  -6.5488033e-01  -4.5275798e-01
   3.8735248e-02  -1.5568104e+00
  -1.4354616e+00  -2.3671421e-01
  -1.2983521e+00   1.5181004e-02
  -1.9580118e-01   1.8286938e-01
   6.3618319e-01  -1.0328091e+00
  -5.6021820e-01   1.6399917e-01
   8.1529154e-01  -6.4302537e-01
  -2.3055714e+00   1.6588345e-01
  -7.0009021e-01   4.6860449e-01
  -7.3536308e-01  -2.5331511e-01
  -8.5257605e-01  -4.3838816e-01
  -5.3395112e-01   6.0873249e-01
   8.3313121e-01  -3.0422346e+00
  -1.0644848e+00   4.2343048e-01
  -2.7065968e+00  -4.2343048e-01
  -3.5458303e-01  -9.3000822e-01
  -3.9111628e-01   1.5495655e+00
   5.6104035e-02   3.6615368e-01
   1.0057268e+00  -3.2373630e-01
   1.8210798e+00   1.1052197e+00
   3.8476996e-01  -8.8832384e-01
  -7.8752827e-01  -3.8425213e-02
   3.6052763e-01   2.7873230e+00
  -4.8805649e-01  -7.8162784e-01
  -4.1531171e-01  -7.4677874e-01
  -8.0925917e-01  -4.1193698e-01
   1.3637032e+00   8.9755504e-01
   1.0067547e+00  -6.3770109e-01
  -2.6035937e-01  -9.7586547e-01
  -2.7886019e-02  -1.8098113e+00
   3.4076049e-01   1.2448148e+00
  -3.4076049e-01   5.1581739e-01
  -1.4924442e+00  -6.6657298e-02
  -4.6204515e-01  -4.4282615e-01
  -7.9600536e-01  -4.5481839e-01
   4.5138544e-01  -1.7803321e+00
   2.2017830e-01   2.7725595e+00
  -1.2659332e+00   6.5181223e-01
   1.2611152e+00   1.6996810e-01
   6.1658148e-01   6.4483999e-02
  -1.4962290e+00  -4.5310125e-01
  -3.5095640e-01  -1.6389504e+00
  -2.8505875e-02  -1.1120931e+00
   1.2111924e-01  -9.2002866e-01
   2.8720173e+00   8.4946110e-01
   8.4016528e-01   1.0461029e+00
   9.9923085e-02  -3.3289120e-01
   4.9960588e-01  -1.5866349e-01
   2.3352934e-01  -1.3631821e-02
  -7.6907265e-02  -1.9232855e-01
  -1.7339235e+00   1.6693710e+00
   5.5551265e-01  -5.6711797e-01
  -2.3145017e+00   1.5096476e+00
  -8.6557004e-01   2.3857210e-02
  -4.7691893e-01  -3.6714772e-01
   1.4539338e+00  -3.7977063e-01
   6.1069426e-02   1.4849380e+00
   3.2471587e-01   1.5082507e-01
  -5.5551265e-01  -7.0524542e-01
   2.6741658e-01  -1.0833330e-01
   1.0837908e+00   1.7909034e-01
   2.5107641e-01   1.1611485e+00
   9.5122426e-01   1.0366005e-01
  -1.3232208e+00   1.3924105e-01
  -1.4345941e+00  -1.2183595e+00
  -1.5662469e+00   3.9546759e-01
  -7.8204840e-01  -1.0978320e+00
  -5.7345248e-02  -1.4107306e+00
   5.0206429e-01   4.6273467e-01
   8.3123232e-02  -1.0688625e+00
  -1.7508869e+00  -1.3551177e+00
  -5.4182769e-01  -8.0026541e-01
  -1.1184401e+00   4.4556157e-01
  -5.0663799e-01   6.5104617e-01
  -2.3543998e-01  -7.0962220e-01
  -1.1248326e+00  -8.1875196e-01
   9.7836225e-01  -5.9277631e-01
   1.1820721e+00  -3.4963877e-01
   6.6036324e-02  -5.7550663e-01
  -1.1051496e-01  -7.4105883e-01
  -1.3803789e+00  -6.8004247e-01
  -3.8176922e-01  -1.1851929e+00
  -2.0306982e-01  -1.6819837e+00
  -1.5239200e-01  -1.3180340e+00
   5.7112492e-01   9.4942624e-02
   1.9015954e+00  -5.1760456e-02
   1.0031615e+00   1.0238726e+00
   1.0179139e-01  -1.5709505e-01
  -5.6857398e-01   6.2258723e-01
  -4.7761329e-01   8.2788260e-01
   4.1362376e-01   1.7877554e-01
   8.5569929e-01  -1.5800687e-02
  -1.2869223e+00   5.7989942e-01
   1.3412804e+00  -2.2398878e-01
  -2.4645394e+00  -4.9750108e-01
  -1.0450326e+00   2.6100040e-01
   2.0971578e-01   1.0552907e-01
   5.0417392e-01  -1.2488588e+00
   1.4015719e+00  -6.2446864e-01
   8.5748775e-01  -2.6902233e-01
   1.3254547e+00   1.2923754e-01
   2.0890030e+00   7.2283504e-01
  -1.6808253e-01  -9.3048575e-01
   9.1577966e-01   3.9848442e-01
   1.0301722e+00   5.9573338e-01
   2.6484880e-01  -1.6781718e+00
   1.2016110e+00   7.3414566e-01
  -7.1521239e-01   5.4254540e-01
   8.8053643e-01   1.2563264e+00
  -5.7076027e-01   5.5334500e-01
   4.6825876e-01  -3.5887508e-01
   6.9062142e-01   1.4007451e+00
   3.2732959e-01   3.7977063e-01
  -1.6606976e+00  -1.5301888e-01
  -1.7040605e+00  -3.5986649e-01
  -7.5787962e-01  -1.5578521e+00
  -5.8835040e-01  -1.5673041e+00
   6.1770586e-01  -4.9085032e-01
   7.8668368e-01   5.2575178e-01
  -1.0191745e+00   6.2221122e-01
  -1.0375737e+00  -4.4214282e-01
   8.4325579e-01   8.6692259e-01
   1.2354570e+00   7.3009544e-01
   3.7278746e-01   3.3155156e-02
  -6.9890319e-01   7.4421724e-02
  -1.4200092e+00  -8.6331930e-01
  -6.8630221e-01   1.0677529e-01
  -5.3001375e-02  -1.6606976e+00
   1.6556936e-01  -5.6602674e-01
   4.6135585e-01  -1.1538839e+00
   5.7258427e-01  -1.1623652e+00
  -5.1263502e-01   2.6832038e+00
  -6.1246540e-01   3.7777356e-01
  -5.6930244e-01  -4.0654714e-01
   1.4371998e+00   5.3716932e-01
   3.3158167e-01   2.1029343e+00
   1.1703163e+00   7.9048879e-01
  -1.9015954e+00  -1.2666238e+00
  -5.3466579e-01   1.3262008e+00
  -7.7742986e-01  -6.9022823e-01
   9.0733085e-01  -8.0668287e-01
  -2.8673251e-01   1.2341289e+00
   1.7311443e+00  -6.8591019e-01
   4.8980218e-01   1.5323016e+00
  -7.2162868e-01   2.3767014e-01
   4.6445942e-01  -7.3171409e-01
  -4.1294891e-01  -3.7013200e-01
  -1.1330355e+00   5.0065912e-01
   3.9714316e-01  -3.5788402e-01
  -1.1684749e+00   5.6602674e-01
   1.4208588e+00   8.0454004e-01
   7.5293444e-01  -1.0423621e+00
  -1.8598312e+00  -4.7935018e-01
  -1.9927617e-01   1.9149902e+00
  -3.5986649e-01  -1.2381196e+00
   4.9085032e-01   1.3276952e+00
  -2.6581151e-01  -4.7726608e-01
   2.4756098e-01  -1.2067284e+00
  -2.7963796e-01  -1.5976434e+00
   2.6112053e+00   1.0210281e-01
  -6.2635225e-01   8.8465249e-01
  -2.6837995e-01  -6.6036324e-02
   1.4217094e+00   5.8283416e-01
  -4.4006440e-02   1.7562847e-01
  -1.1833190e+00   3.1005440e-01
   2.3990423e+00   1.2394542e+00
   6.7278298e-02   1.4886806e+00
   6.6103512e-01   6.1620686e-01
  -6.8199577e-01   1.4894525e-01
   1.5747537e+00   8.0882942e-01
   3.4865094e-01   1.7987681e+00
  -3.9278898e-01   1.5464854e+00
  -6.6103512e-01   2.0649033e+00
   2.2303585e-01   1.4319981e+00
  -1.6682581e-01  -1.2736335e-01
   1.7339235e+00   3.8276908e-01
  -6.2559854e-01  -3.3616754e-01
   2.2515924e+00   8.8327881e-01
   7.2726739e-01   1.7925549e+00
  -4.3327809e-01  -9.1295615e-01
   9.0779853e-01   6.4264446e-01
  -9.2144869e-01  -4.6549494e-01
   1.7001040e+00   8.4414027e-01
  -6.0277741e-01   7.5664159e-01
  -7.9855965e-01  -2.6164153e-01
  -1.3908973e+00   2.6720367e+00
   1.1184401e+00  -1.2707806e+00
  -1.4943339e+00  -1.3428052e+00
   1.4530429e+00  -1.0334858e-01
  -2.5273023e+00  -7.3536308e-01
  -2.9837317e-01  -6.0138304e-02
   6.3012617e-01  -1.0396989e+00
   7.7742986e-01   5.3573832e-01
  -7.3090452e-01   9.9907064e-01
  -3.4601840e-01   5.5732101e-01
   8.6062418e-01   4.8631229e-01
   6.8157519e-03  -9.5253832e-02
   6.6180623e-01  -2.7609597e-01
   3.6913687e-01   3.7145940e-01
   2.1930601e+00   2.2971061e-01
   8.3269295e-01   1.9188811e+00
   4.5246892e-02   7.0524542e-01
  -2.4518264e+00  -7.5170103e-01
  -1.0623036e+00   8.4988638e-02
   4.7171858e-01  -9.7786241e-01
  -5.8210001e-01   1.8146125e+00
   2.6356557e-01  -2.5363503e-01
  -3.9446278e-01  -1.1353932e+00
  -5.3788523e-01   1.1035095e+00
   6.4794452e-02  -1.8885333e+00
   1.3128824e+00  -7.5211204e-01
  -2.3011743e+00  -1.1300892e-01
  -2.4477000e-02  -6.4074131e-01
   1.0615216e-01  -7.3292933e-01
  -3.6416670e-01  -3.2471587e-01
  -3.3465132e-02   9.3335538e-01
   1.0272568e-01  -5.6966679e-01
  -3.7511315e-01   1.0972662e+00
   6.1283916e-01   3.0031717e-01
  -1.2508885e+00  -1.9516961e-01
  -1.9169320e+00   2.1668817e-01
   5.7221932e-01  -1.0938788e+00
  -3.0980451e-04  -6.7264346e-01
   1.0710591e+00   1.1103698e+00
   5.9980787e-01   2.1541969e-01
   5.4793722e-01  -6.2710632e-01
  -1.1394434e-01  -1.6274330e-01
  -1.3739812e+00   1.0103611e+00
  -8.1831887e-01   2.3830755e-01
  -9.0173412e-01  -1.0391672e+00
  -9.5219880e-01  -7.2847870e-01
   3.1605321e-02  -4.1936764e-01
  -7.3130924e-01  -1.7523235e+00
  -8.1270262e-01   5.2717520e-01
  -3.0128960e-01   8.3094151e-01
   1.2222734e+00  -1.5082507e-01
   7.2888271e-01  -1.8959577e+00
   1.6594687e+00  -5.0519616e-02
   1.4706595e-01   8.4502541e-01
  -1.2749595e+00  -4.7102617e-01
  -1.4124086e+00   4.4624594e-01
   9.5561684e-01  -6.6798933e-01
  -1.3795760e+00   1.0639390e+00
  -2.1261112e+00   1.3631821e-02
   1.0705094e+00   7.0246722e-01
   1.0493210e+00   6.3466676e-01
  -1.3673890e-01  -6.6334962e-01
  -1.3321988e-02  -4.7275763e-01
   2.1442748e+00   3.4207408e-01
   7.2042337e-01   1.6054615e-01
  -1.6871099e-01  -1.0434294e+00
  -9.7337477e-01   3.8735248e-02
   8.7916772e-01   1.0477106e+00
  -1.2714756e+00  -4.3941154e-01
   3.1200535e-01  -2.2925113e+00
  -4.3089726e-01   4.3327809e-01
   1.2183595e+00   5.1298836e-01
   4.0318449e-01  -7.8120742e-01
  -1.0650309e+00  -8.4591122e-01
  -3.3354618e-01  -2.4710484e+00
  -6.2937067e-01   3.9513261e-01
   1.8194558e+00   1.5313002e+00
  -2.5747609e-01  -8.3269295e-01
   1.5263161e+00  -9.6810014e-02
  -7.2726739e-01   2.0176404e+00
   3.4207408e-01  -5.0417392e-01
   1.5921175e+00  -4.6687640e-01
  -1.9228013e+00  -3.6218116e-01
  -1.9149902e+00  -1.8757857e+00
  -3.0810463e-01   4.7969773e-01
   5.5659745e-01   1.1684749e+00
  -6.3863113e-02   6.7848170e-01
  -1.4017958e-01  -1.5736841e+00
  -1.2805662e+00   6.8434316e-01
   2.0560054e-01   2.9481208e-01
   4.4006440e-02  -8.5883090e-01
  -5.6275710e-01   3.1037947e-01
  -3.7145940e-01   1.9990196e+00
  -9.8841095e-01   5.7770163e-01
  -8.5569929e-01  -1.8494523e+00
  -2.5555509e-01  -2.1599707e+00
  -1.1587202e+00   1.4143114e-01
   5.6711797e-01   4.2275285e-01
  -8.7916772e-01  -4.4180123e-01
  -1.1155495e+00   8.7053716e-01
  -1.8160941e-01  -2.3607705e-01
  -2.2840169e+00   1.0661241e+00
  -1.0455676e+00   1.2183595e+00
   3.5425315e-01   8.1918520e-01
  -2.0082430e+00  -4.7691893e-01
   2.3161955e-01  -1.9877245e+00
   6.3163825e-01   4.0486525e-01
  -1.3443331e+00   8.7370927e-01
   9.1248627e-01   1.2468342e+00
   4.9568924e-03  -2.7899370e-01
  -9.8287188e-01  -7.5334584e-01
   2.6870113e-01  -3.8777416e-01
  -2.0971578e-01  -6.1097121e-01
  -1.3455023e-01  -2.0345278e+00
   1.3924105e-01  -2.9610659e-01
   5.1369523e-01  -4.9539847e-01
   5.5173182e-02  -5.1971406e-01
   9.0452895e-01   1.8546168e+00
   1.1283388e+00  -4.6860449e-01
   5.0487762e-01   2.0496774e-01
   1.1893493e-01  -6.9732203e-01
  -9.3048575e-01  -8.9108522e-01
   2.2843845e-01  -8.0111916e-01
  -7.1081823e-01  -1.2833848e+00
  -5.0311883e-01   5.2148788e-01
  -7.6450218e-01   1.5630859e+00
   6.7575433e-01  -1.1946256e+00
   1.4023996e+00  -4.5997792e-01
  -2.4851943e-01  -2.6870113e-01
   8.1961860e-01  -1.1820721e+00
   1.5557704e+00   4.5688074e-01
  -8.3752265e-01  -2.0401869e-01
   2.7384379e-01   1.0760203e+00
   1.4894525e-01  -5.6857398e-01
  -1.1870710e+00   3.7444846e-01
  -3.1916906e-01   3.4470303e-01
  -6.7588808e-02   6.3242251e-02
   1.5393548e+00  -1.6023233e-01
  -1.4032283e+00   1.0688625e+00
  -3.9680795e-01  -6.5910907e-01
  -1.2367872e+00   4.9085032e-01
   1.5283052e+00  -1.1092228e+00
   1.0036740e+00   3.9580261e-01
   8.9801861e-01  -1.1550904e+00
   1.1336243e+00  -2.6484880e-01
  -8.2309132e-01   1.1359836e+00
   1.4205701e-01  -5.7965888e-02
  -1.0989647e+00  -4.4009405e-01
  -1.2334657e+00  -7.9082503e-02
   1.0899425e+00  -3.0031717e-01
   1.7894741e+00   1.5489987e-01
  -6.2522182e-01  -4.2851888e-01
  -1.8686361e+00  -1.3621348e+00
  -8.2744624e-01  -8.3444695e-01
   3.0355971e-01   2.9545927e-01
  -7.5046875e-01  -1.1478763e+00
   2.2684877e-01  -2.2840169e+00
   3.0453309e-01  -3.6814211e-01
   1.0584986e+00   4.8526648e-01
   6.9022823e-01  -1.4548259e+00
  -3.8425213e-02   4.0419281e-01
  -8.9339158e-01   1.1575086e+00
  -1.5932188e+00   3.1546834e+00
   3.6747914e-01  -1.3267474e-01
  -1.2742615e+00  -8.2701004e-01
   2.8221615e-01   6.3618319e-01
  -1.1153194e-02   3.3092711e-01
  -8.9031373e-02  -1.4557191e+00
  -1.9680102e+00   5.3001375e-02
   1.5965343e+00   2.7576096e-02
   1.0466385e+00   1.4802888e+00
   2.5011735e-01   3.5953598e-01
  -1.3715965e+00  -1.3642620e-01
   4.2682152e-01  -9.4008127e-01
   3.9580261e-01   2.2875646e-01
  -1.8959577e+00  -5.3895962e-01
  -2.0054040e-01  -1.2693926e+00
  -1.7925549e+00  -2.7095016e-01
   2.2049572e-01  -1.2461605e+00
  -2.2271826e-01  -2.7882442e-03
  -1.7720178e-01   1.9611699e-01
   1.1862293e-01  -1.2028874e+00
  -1.9516961e-01  -2.4776638e+00
   1.1454848e+00  -3.1395748e-01
  -2.9416501e-01   1.7270004e+00
  -4.6756747e-01  -2.1510263e-01
  -1.6521474e+00   4.9294820e-01
   8.1658805e-01   8.8053643e-01
   1.3202526e+00   1.1120931e+00
   6.5219541e-01  -1.9580118e-01
  -2.1986091e-01   9.9601346e-01
   5.6058068e-01   3.0972935e-01
   4.7107702e-02  -5.4865732e-01
  -9.1295615e-01  -1.0139806e+00
   3.0648072e-01   8.8832384e-01
  -5.8982442e-01  -5.9795460e-01
  -7.1601281e-01  -3.0875442e-01
   4.9364797e-01  -1.1035095e+00
  -1.0666711e+00  -4.4727289e-01
   1.1018025e+00   1.5490232e-03
   4.8039301e-01  -8.9570270e-01
  -6.1920625e-01  -3.5293399e-01
  -2.3130134e-01  -7.9558015e-01
  -6.7147857e-01  -1.1040792e+00
  -6.3428788e-01  -1.7001040e+00
  -4.3668353e-01   1.1097961e+00
   1.5333045e+00   3.9111628e-01
   1.1176185e-01   1.3747778e+00
   4.6791309e-01   1.2060870e+00
   2.5043701e-01  -3.5227464e-01
  -6.1545788e-01  -9.0313065e-01
   7.7241029e-01   3.6350469e-01
   6.8277782e-01  -4.7241122e-01
   4.3327809e-01  -1.4877430e+00
  -7.5622918e-01  -5.1510975e-01
  -2.4045853e+00   5.4865732e-01
  -1.0677529e-01   4.0285480e-02
  -3.3059989e-01  -9.6544477e-01
  -3.1525957e-01  -1.2673151e+00
   8.9477768e-01  -1.0832336e+00
   7.1921910e-01   6.6489460e-01
   4.3872923e-01   3.0064128e-01
  -4.1362376e-01  -5.6784582e-01
   3.5260429e-01  -7.1201527e-01
   6.2108370e-01   5.0101032e-01
   6.0389235e-01   1.0428956e+00
  -1.0493210e+00  -1.3092239e+00
  -8.8144982e-01  -1.6987911e+00
  -6.6837662e-01  -5.3538074e-01
  -1.4337277e+00  -8.3840288e-01
   5.4613818e-01   1.6099751e+00
   4.5963357e-01  -1.6054626e+00
  -1.8866934e+00   3.3583974e-01
   5.1617131e-01  -2.9126091e+00
   4.4590373e-01  -7.9388074e-01
  -4.2309164e-01  -2.3571557e+00
   9.3697881e-02  -6.3315178e-01
  -6.5415375e-02  -3.4236020e+00
   2.6003890e-01  -4.6307951e-01
   7.6408729e-01   6.1545788e-01
   7.2082502e-01   2.6902233e-01
  -2.8815807e-02   6.2446864e-01
  -2.4660276e-01   5.5840691e-01
   3.6615368e-01   1.7595610e+00
  -2.3100135e+00  -5.8871879e-01
   3.8143601e-01   1.3892823e-01
  -6.6915150e-01   1.6283614e+00
  -9.3623272e-01  -1.1394434e-01
   1.0938788e+00  -2.0686640e-01
   6.4483999e-02  -4.6480454e-01
   4.0823019e-01  -1.2919021e+00
   2.0248073e+00   8.7507143e-01
  -6.3163825e-01  -3.6019704e-01
  -1.0771007e-01   9.5953689e-01
  -3.3715114e-01  -4.0924058e-01
   1.9208375e+00   4.7102617e-01
  -2.3607705e-01   1.7067130e+00
   1.2847978e+00  -6.1658148e-01
   2.9610659e-01  -3.3155156e-02
  -1.3548815e-01  -5.4577859e-01
   1.8793968e+00   1.1295106e+00
   8.1702053e-01  -1.2086556e+00
  -1.7053852e+00   2.3958265e-01
   3.6416670e-01   2.3543998e-01
   1.1466797e+00   1.0228266e+00
   2.2748457e-01  -2.0545664e+00
  -4.0452900e-01   2.5939804e-01
   9.1530857e-01  -3.6284285e-01
   8.1918520e-01   9.3386718e-02
  -7.9813357e-01   1.2742615e+00
   7.5581689e-01  -4.0789349e-01
   9.8387674e-01   7.1481235e-01
   1.7242542e+00   8.1572356e-01
  -4.1193698e-01  -6.7225506e-01
   9.5708513e-01   1.0375737e+00
  -1.3941649e+00  -1.0776799e+00
  -1.0471744e+00   4.6066677e-01
  -3.2863729e-01   1.9264414e-01
   7.5870562e-01  -1.4242675e+00
  -2.9254788e-01  -1.3755753e+00
   3.2798337e-01  -2.4645394e+00
  -9.7138654e-01   6.9022823e-01
   1.0536288e+00  -2.9675403e-01
  -1.0317535e+00  -2.4341031e-01
   7.0127822e-01  -1.0471744e+00
  -1.1520772e+00  -1.6858202e+00
  -3.5755375e-01  -1.8359163e+00
  -1.2517736e-01   4.4043538e-01
   1.1987099e-01  -9.8136645e-01
   2.5683565e-01  -5.2931233e-01
  -1.1145011e-01  -1.7040605e+00
  -5.7989942e-01  -2.2287406e+00
  -5.0875250e-01   1.9531892e+00
  -4.1227424e-01  -1.3239647e+00
  -1.9264414e-01  -9.1248627e-01
   2.1999749e+00   1.1178613e+00
   1.7833629e+00   1.2819742e+00
   1.6365814e+00   6.2311005e-02
   1.0557900e+00  -8.4679769e-01
  -5.0487762e-01  -4.3634276e-01
  -5.8798210e-01  -1.5987545e+00
  -4.5894504e-01   7.4555099e-01
  -5.9517585e-02   3.4078562e-03
  -2.4724154e-01  -8.1529154e-01
   1.7941017e+00   2.5779635e-01
   9.2429435e-01   1.5683630e+00
   9.8942131e-01  -3.8543726e-01
  -3.0755567e+00   3.1605321e-02
   9.1060878e-01   1.4433180e+00
  -8.6963245e-01  -1.3700110e+00
   1.9111280e+00  -3.0713018e-01
  -3.1688794e-01   5.0452574e-01
   1.0338659e+00  -1.0739847e-01
   3.6549120e-01  -2.9125741e-02
   2.2927542e-02  -1.3892690e+00
   3.1102972e-01   6.9732203e-01
   7.5829256e-01  -4.5413137e-01
   4.4316790e-01  -8.9662849e-01
  -2.2069966e+00   1.4701717e+00
  -1.8162222e+00  -1.0407633e+00
   7.9218363e-01   7.2646045e-01
   8.3137913e-01   2.9869709e-01
   4.9399795e-01   4.8968676e-02
   5.1334177e-01  -3.8076973e-01
   1.3299424e+00  -3.9145074e-01
  -1.6248720e+00  -6.6915150e-01
   1.0590412e+00   3.9312365e-01
  -7.3292933e-01  -6.9850774e-01
   1.0085719e-01  -1.6437162e+00
   1.3958042e+00   6.5910907e-01
   3.9747841e-01   6.3552679e-02
  -1.0754677e+00  -1.2563264e+00
   1.5943220e+00   1.0854645e+00
  -5.9499363e-01  -8.1356499e-01
   5.8577394e-01   7.1161614e-01
   4.2648219e-01   1.8822751e-01
   1.3405191e+00   2.8576423e-01
  -5.6203133e-01  -6.7536511e-01
   2.6956256e-02   1.0196954e+00
   2.3011743e+00   2.7882442e-03
  -1.2092989e+00   9.1908301e-01
  -1.8098113e+00   1.0207380e+00
  -2.0419465e+00  -8.9031373e-02
  -7.4065120e-01  -3.3813507e-01
  -1.5019467e+00  -4.8039301e-01
  -1.6085998e-01   8.4635437e-01
  -1.0366005e-01  -1.4692594e+00
  -1.4720000e+00  -2.0129195e+00
   9.1831039e-02  -7.3780118e-01
   1.1933618e+00  -2.2589523e-01
   1.7067130e+00  -7.8331089e-01
   2.2557743e-01   1.2299197e-01
  -9.1389651e-01  -5.4541906e-01
  -3.7185109e-02   8.8720343e-02
   2.5349274e+00   6.9062142e-01
  -8.9385342e-01  -7.8837343e-01
   7.9643071e-01  -6.0389235e-01
   2.9254788e-01   3.2700275e-01
  -8.3708278e-01   3.9178523e-01
  -3.9613768e-01   3.6151963e-01
   1.1895817e+00   1.2361630e-01
   1.5233438e+00   1.3908973e+00
   1.1436954e+00  -2.0496774e-01
  -8.8556921e-01  -9.9923085e-02
  -1.1484752e+00  -2.2017830e-01
   1.0343947e+00   1.0938788e+00
   5.2610753e-01   1.0644848e+00
  -3.0972935e-01   1.1167047e+00
  -5.6820987e-01   1.1075050e+00
  -3.4078562e-03  -1.1908398e+00
  -8.4946110e-01  -5.4182769e-01
   3.6681633e-01  -4.8143636e-01
  -1.3811825e+00   1.4268293e-01
   8.0797035e-01   6.6103512e-01
   1.7437013e-01   5.7806773e-01
  -8.9709167e-01   1.5363226e+00
   6.5104910e-02   9.7238017e-01
  -1.5364581e-01   1.6462720e-01
  -5.4613818e-01   2.9966904e-01
   1.4276928e+00   1.2009735e+00
  -4.3259760e-01   7.8752827e-01
   9.3767430e-01  -1.4251490e-02
  -8.3400821e-01  -2.2208314e-01
   2.0105757e+00   1.2082670e-02
   1.0303712e-01   1.5960475e-01
  -6.9534802e-01  -1.7688709e-01
  -2.2756843e+00  -6.6953910e-01
  -2.6324482e-01   1.5526605e+00
   1.3708033e+00   1.7248314e-01
  -3.7677560e-01  -1.3077653e+00
  -1.4738332e+00   3.2225245e-02
   3.9045287e-02  -1.4747517e+00
   9.4346021e-01   2.3236205e+00
   5.3252258e-01   7.3902188e-01
  -6.5718546e-01   6.2409218e-01
  -1.2611152e+00   3.2031069e+00
  -3.1102972e-01   1.3321988e-02
   1.0000918e+00  -2.2250429e+00
   6.0686922e-01   9.0592901e-01
   1.3267474e-01   2.1473719e+00
  -5.8276216e-02  -7.5870562e-01
   2.9545927e-01  -1.0961357e+00
  -5.0347046e-01  -7.2363986e-01
   1.2347927e+00   2.5491496e-01
  -4.4248446e-01  -1.8615807e+00
  -1.8588281e-03  -4.1733881e-01
  -7.4391574e-01  -2.6292411e-01
   7.2162868e-01  -4.5001374e-01
   6.1620686e-01  -4.9568924e-03
   9.9093876e-01  -2.7802753e-01
  -4.3191732e-01   2.2715765e+00
   1.1939934e+00   5.8026599e-01
  -1.9307316e+00   5.0593365e-01
  -1.0694112e+00  -6.9455918e-01
  -6.2823809e-01  -1.2421300e+00
   4.1497402e-01   9.7432552e-02
   1.2143133e-01   1.1502743e+00
  -3.0777978e-01  -3.8710626e-01
   2.3448455e-01   5.3180872e-01
   2.5406703e-02  -2.3857210e-02
   7.9685621e-01  -1.1113838e-01
  -1.4557191e+00  -7.2002183e-01
  -4.7275763e-01  -1.1430998e+00
   5.1760456e-02   1.2205555e-01
   8.2657400e-01   2.0808349e+00
   1.8997094e+00   7.7449940e-01
   2.0022431e-01   1.1225027e+00
  -1.6730224e-02  -3.1656220e-01
   3.8777416e-01   8.3400821e-01
   1.0574142e+00  -4.1632505e-01
   5.7039570e-01  -4.6411436e-01
   1.6306988e+00  -4.8968676e-02
   2.1129951e-01   9.5708513e-01
   4.8456956e-01   6.9180162e-01
   1.4441965e+00  -1.1348032e+00
  -1.0212598e+00   2.4843894e+00
  -4.8282831e-01   1.9518923e-02
   5.4254540e-01  -4.4487740e-01
   1.5866349e-01  -1.7788228e+00
   3.6847366e-01   7.3800411e-02
  -1.4905597e+00   1.0683142e+00
   9.2571998e-01  -1.5019841e-01
  -1.6996810e-01   3.8610473e-01
  -3.7179135e-01  -5.1298836e-01
  -9.9958107e-01   2.0296436e+00
   3.0365508e-02  -1.3405191e+00
  -7.3698799e-01  -1.2060870e+00
   7.8415325e-01  -1.2954788e+00
   1.1587202e+00   9.9139067e-03
   2.9772542e-01  -4.3191732e-01
   1.4477214e+00   1.3668503e+00
   2.5840793e+00   8.7461720e-01
  -2.5506350e+00  -4.5447486e-01
   5.0875250e-01  -3.1546834e+00
  -6.4913267e-01  -1.6713997e-01
  -7.5746682e-01   8.7325557e-01
  -3.5953598e-01  -3.4305966e-01
  -3.0680543e-01   4.0789349e-01
  -4.8317644e-01  -3.0745497e-01
  -4.2444728e-01  -7.7868781e-01
  -9.8740159e-01  -8.8924355e-01
   1.7814598e-01   1.4363302e+00
   9.5904608e-01   4.5619308e-01
   1.0139806e+00   1.5444400e+00
   3.2765646e-01  -5.7916651e-01
   2.7609597e-01   1.1472778e+00
  -2.9125741e-02  -3.6482887e-01
   2.0749945e-01   1.7523235e+00
   5.3895962e-01  -1.3597883e+00
  -1.6909745e+00  -1.2354570e+00
   1.0843484e+00  -2.0394611e+00
  -7.1921910e-01  -1.5694237e+00
  -2.8996206e-01  -3.1330664e-01
   6.0352062e-01  -2.4581332e+00
  -1.4285517e+00   1.5174391e+00
  -1.5164601e+00  -7.8795078e-01
   1.0334858e-01   7.3820796e-01
   3.7710821e-01   8.5299567e-02
  -2.4158981e+00   1.8178366e+00
  -4.5584933e-01   5.2290812e-01
   4.1970594e-01  -6.3694196e-01
  -1.1195990e+00  -4.8317644e-01
   1.2236768e-01  -1.1768701e-01
   1.8940918e+00   5.7660378e-01
  -1.1864445e+00  -1.8255436e-01
  -3.9479767e-01   5.4862908e-02
  -8.6242023e-01  -2.1828804e+00
   1.6117383e-01  -4.0595538e-02
  -9.3144144e-01   5.2070678e-02
  -7.6782606e-01  -1.5965343e+00
  -2.5619532e-01   2.1415156e-01
   2.1143808e+00   4.5310125e-01
   6.3732148e-01   1.3329985e-01
  -5.5298398e-01  -6.9574261e-01
  -1.7940516e-01   4.9189899e-01
   2.1320068e-01  -7.7575450e-01
  -8.0947290e-02   1.4174666e+00
   7.9303190e-01  -7.6990779e-01
   1.9723253e+00   1.0765732e+00
   9.4976414e-01   2.9675403e-01
  -1.0243960e+00  -3.1721371e-01
  -9.9195165e-01   1.4602028e+00
  -1.3597883e+00   8.1745316e-01
   4.7865525e-01  -5.3038181e-01
  -8.8740488e-01  -3.9949083e-01
   4.1666292e-01   3.0388413e-01
   3.7185109e-02  -6.9141455e-02
   2.7931581e-01   1.1924694e-01
  -2.0272195e+00   1.3517550e-01
   6.9495355e-01  -1.4933884e+00
   8.5435974e-01   5.6784582e-01
   8.8511076e-01   4.9715049e-01
  -1.8830325e+00  -1.5223560e+00
   3.5600513e+00   4.5557016e-02
  -1.9990824e-01  -1.9034881e+00
   2.6709551e-01  -4.3395877e-01
  -1.8129447e-01  -3.3649537e-01
   1.2883418e+00   1.0407633e+00
   9.5268641e-01   1.1466797e+00
   1.7783123e-01   7.8499617e-01
   6.6605438e-01   2.0945268e+00
   2.4851943e-01   1.2454873e+00
  -1.2705103e-01   9.8055128e-02
  -4.5310125e-01  -1.9130555e+00
   1.9490324e+00   2.7673971e-01
   1.3099542e+00   1.6494123e-01
  -4.9609910e-01   8.4369795e-01
   3.2243069e-01   6.0277741e-01
  -1.0098451e+00   1.3558941e+00
  -1.0584061e-01   4.5963357e-01
   6.5257868e-01   7.9388074e-01
  -8.6872845e-01  -5.3645368e-01
   1.4830745e+00   2.4596407e-01
  -1.1324470e+00   1.7409308e+00
   7.5664436e-02   2.0200179e+00
   1.9922121e+00   6.2748349e-01
   1.0333374e+00  -7.0683541e-01
  -1.7879400e+00   3.1851714e-01
  -1.8546168e+00   1.4048887e+00
  -9.0639609e-01   7.0127822e-01
   9.1436699e-01   4.6998797e-01
   1.6260329e+00   9.3959944e-01
   2.2430646e-01   8.6232405e-02
  -2.8511886e-01  -6.3277326e-01
  -1.0521755e-01  -2.9934503e-01
   1.7353182e+00  -1.7659775e-02
  -2.2634742e+00  -2.2335347e-01
  -1.1035095e+00   1.0011139e+00
   3.0258661e-01  -1.1407213e+00
  -2.1161632e-01  -3.1605321e-02
   2.4334697e+00   8.7689019e-01
   1.6668801e+00   1.3676392e+00
   7.5252318e-01  -7.6242904e-01
   1.8409528e+00  -2.2367111e-01
  -5.2539609e-01   2.2362287e+00
   1.5383425e+00  -1.3660623e+00
  -9.2239641e-01  -2.5273023e+00
   1.9247726e+00   4.4214282e-01
   1.0815640e+00   1.6965380e-01
  -5.1723345e-01  -1.3819871e+00
  -1.1448879e+00   1.8854286e-01
  -1.1082666e-01   5.3359388e-01
  -4.4419344e-01   1.7339235e+00
  -3.3289120e-01  -2.7886019e-02
   7.4732391e-02  -6.2333953e-01
  -7.8457464e-01   6.9850774e-01
   5.4721739e-01  -1.7610197e+00
   5.4398167e-01   4.5653688e-01
  -1.3933466e+00   2.0152743e+00
   7.6533236e-01   3.7079562e-01
   5.2667010e-03  -1.9552803e+00
   2.9481208e-01   3.2308343e-01
