   8.7008559e-01   3.2760915e+01
   3.1294400e+00   2.1853526e+01
   2.0831748e+00   2.6601580e+01
   6.1599110e-01   2.0331714e+01
   2.9888892e-02   2.7324571e+01
   2.8843173e+00   2.5808031e+01
   3.5149924e-01   2.4630286e+01
   6.9720378e-02   2.1481929e+01
   4.5269945e-01   3.6755557e+01
   6.3076671e-01   3.2774448e+01
   7.7789645e-01   2.2631211e+01
   3.3321187e-01   2.1475413e+01
   4.8244822e+00   2.8200472e+01
   6.3729530e-01   1.7004478e+01
   3.6941603e+00   2.2451326e+01
   8.8402044e-01   1.6329011e+01
   5.9990959e-01   2.9310132e+01
   1.3049952e+00   2.4547313e+01
   5.3640130e-01   1.6407642e+01
   4.8119164e+00   2.5511344e+01
   6.9458907e-01   3.0497177e+01
   7.7479387e-01   2.0001948e+01
   5.1033116e+00   2.0606590e+01
   4.1961729e-01   2.6806878e+01
   1.2047235e+01   2.4160403e+01
   9.2387176e-01   2.4789510e+01
   1.2349163e+01   2.2260148e+01
   4.0705266e-01   2.1301663e+01
   1.9959215e-01   2.4363332e+01
   6.9734956e-01   2.1364055e+01
   1.1694471e-01   2.3983201e+01
   5.8473289e-02   2.4324226e+01
   3.0507844e-01   1.8941713e+01
   7.7523212e-01   1.9286879e+01
   5.8282182e+00   2.7087207e+01
   2.0201345e-01   2.5671714e+01
   5.1904572e-01   2.2802004e+01
   5.4537872e-01   2.4077708e+01
   1.5551896e-01   2.5886663e+01
   3.9515992e+00   2.4333861e+01
   2.3285419e-01   3.2165105e+00
   4.6001129e-01   2.0399620e+01
   5.9442675e-01   2.2904152e+01
   5.8910724e-01   1.8787693e+01
   9.5227603e-01   2.4830013e+01
   7.9789606e-01   2.4346884e+01
   3.5549385e-01   1.9308140e+01
   9.4577317e-01   2.4465355e+01
   1.2795394e-01   2.3369517e+01
   9.8648327e-01   2.7516846e+01
   1.1438610e-02   1.7980741e+01
   8.7948703e-01   9.1653761e-01
   9.8991946e-01   2.2956259e+01
   2.3917088e+00   2.2579982e+01
   6.5286729e-01   3.0636040e+01
   5.9761868e-01   2.0385228e+01
   4.2739732e-01   2.7721917e+01
   1.3801503e+00   2.4391591e+01
   1.0344798e+00   2.4861669e+01
   1.5836492e-01   2.0318187e+01
   2.4219168e+00   2.9980670e+01
   3.7216414e-01   2.9015458e+01
   1.8282290e-01   2.0444160e+01
   4.3270243e-01   2.3761638e+01
   5.3360577e-02   2.2858013e+01
   1.3010745e-01   3.0119153e+01
   7.7491634e-01   1.6948684e+01
   9.7143921e-01   3.3327046e+01
   1.4602474e+00   2.3045958e+01
   8.7500983e-01   2.3612236e+01
   2.1247373e+00   2.3632751e+01
   3.0004354e+00   2.4161005e+01
   2.4116327e-01   2.8750372e+01
   6.4102351e-01   2.3518957e+01
   3.9535246e+00   2.7132784e+01
   7.0476506e-01   2.9340822e+01
   3.9917092e-01   3.1188310e+01
   1.2215080e+00   2.6826581e+01
   3.5682066e-01   2.1124775e+01
   1.3312464e+01   2.4659588e+01
   6.1899085e-01   2.6612760e+01
   6.9506057e-01   3.2781680e+01
   4.4518910e-01   1.7909404e+01
   2.0596227e+00   2.4352020e+01
   1.3424569e-01   2.3413166e+01
   1.3801365e+00   2.2359832e+01
   1.3933952e+01   3.0897879e+01
   1.7160467e+00   2.9786558e+01
   3.9698143e+00   2.0920377e+01
   8.3755398e-01   2.2319719e+01
   4.0956329e-01   2.2892708e+01
   4.0703205e+00   2.4494318e+01
   1.5624232e-02   2.2913867e+01
   8.6153606e-01   2.3682228e+01
   7.4140994e+00   2.6849055e+01
   1.8116806e-01   2.3614921e+01
   8.0120260e-01   1.8991276e+01
   7.6246548e-01   3.0403132e+01
   9.6868234e-01   2.2659275e+01
   8.9911981e-01   2.9817900e+01
   4.0178862e-01   3.4489041e+01
   2.2684915e-01   3.0720051e+01
   8.9116341e-02   2.2212189e+01
   2.8381595e-01   1.7144817e+01
   1.3901728e+01   2.6614316e+01
   3.7970487e-01   1.9809727e+01
   3.9368954e-01   2.6919593e+01
   1.7285328e+00   2.5317896e+01
   2.8932734e-01   2.6144657e+01
   3.9909096e+00   2.7509944e+01
   6.3741347e-01   3.0900597e+01
   5.3510262e-01   2.7473155e+01
   7.1938817e-01   2.4514220e+01
   8.9625246e-01   2.0687101e+01
   5.9571544e+00   2.5313029e+01
   2.1636081e-02   2.7154604e+01
   3.8815125e+00   2.3983852e+01
   8.6099176e-01   2.2427616e+01
   8.7073818e-01   2.5206301e+01
   3.8889678e+00   2.6255178e+01
   1.1258747e+01   2.6632157e+01
   9.2368680e-01   2.2549750e+01
   3.0637349e+00   2.6186233e+01
   3.6148773e-01   3.2252372e+01
   1.3610210e+00   2.2433763e+01
   3.1676022e+00   2.4880942e+01
   5.2554355e-01   2.0081044e+01
   3.1841483e-01   2.7078589e+01
   3.9439161e+00   2.1815348e+01
   5.1615350e-01   2.3190162e+01
   5.9225554e-01   2.4268261e+01
   2.7682229e-01   3.1318422e+01
   1.9177574e-01   1.9139148e+01
   3.4042142e+00   2.3200761e+01
   6.1022056e-01   2.1191496e+01
   3.9182558e-01   2.1761735e+01
   8.4189375e-01   2.0404507e+01
   4.6790012e+00   2.3329641e+01
   5.0304798e-01   2.5497670e+01
   8.1559532e+00   2.4230734e+01
   2.0889334e-01   2.0839399e+01
   2.0736035e+00   1.9917905e+01
   4.5632593e-01   1.9883216e+01
   1.6249071e+00   2.6050121e+01
   3.7273543e-01   2.3736104e+01
   2.1345319e-02   2.3223775e+01
   2.0129343e+00   2.3928100e+01
   4.8667687e-01   1.8134384e+01
   1.8554043e+00   1.8942187e+01
   8.3396742e-01   1.6814698e+01
   3.5812278e-01   2.1039401e+01
   7.6687969e-01   2.4075831e+01
   8.6692190e-01   1.7915270e+01
   7.2276119e-01   3.0435336e+01
   6.3336352e-01   2.0066217e+01
   4.9015108e-02   2.4655804e+01
   7.8728242e-01   3.3029876e+01
   9.8971552e-01   6.0769041e-01
   8.4478155e-01   2.4059596e+01
   3.1866895e-01   2.5151556e+01
   1.3192144e-01   2.1926010e+01
   2.3976369e-01   2.2768790e+01
   1.4429043e+00   2.6786021e+01
   7.0985698e-01   2.3254453e+01
   3.1487562e-01   2.4752223e+01
   1.5911657e+00   2.1493555e+01
   2.1715945e-02   3.2278608e+01
   9.4341535e-01   2.4624706e+01
   1.4356340e-01   2.5378422e+01
   7.5758415e-01   3.2680802e+01
   2.3129621e-01   1.5369541e+01
   3.4451028e-01   2.3988970e+01
   2.2534674e-01   2.5502433e+01
   8.7797668e-01   2.4989012e+01
   2.1882030e-01   2.4387649e+01
   1.8370678e+00   2.2189990e+01
   3.3296826e+00   2.4796868e+01
   4.2237935e-01   2.6766181e+01
   6.4824881e-02   2.1795200e+01
   5.3101333e-01   2.6561846e+01
   1.4340422e-01   2.0095388e+01
   3.1628827e+00   2.4806289e+01
   9.5915266e+00   2.5106635e+01
   2.3495835e+00   1.8466130e+01
   9.3537200e-01   2.0402445e+01
   4.2022260e+00   2.1264948e+01
   6.5686800e-01   1.2110452e+01
   1.3982910e-01   2.7084484e+01
   6.9425754e-01   2.0182525e+01
   5.3821620e-01   2.5576850e+01
   7.1500005e+00   2.4580652e+01
   2.9982692e-01   2.7759160e+01
   2.7334985e-01   2.3791567e+01
   9.1197948e-01   1.2967953e+01
   5.9717884e+00   2.4642176e+01
   3.2565757e+00   2.5033712e+01
   4.5133927e-01   1.9016707e+01
   7.9709208e-01   2.5971652e+01
   4.4446792e+00   2.6184757e+01
   1.8849153e-02   2.0426061e+01
   1.5618055e+00   2.2250241e+01
   3.1435651e+00   2.1248406e+01
   7.1122941e-01   2.4793811e+01
   4.4744793e+00   2.1903007e+01
   3.7794660e-01   2.2150770e+01
   2.7401432e-01   1.6221881e+01
   8.0679630e-01   2.6735581e+01
   9.8076415e-01   2.2019929e+01
   7.3012775e-01   2.4965728e+01
   1.5374993e+00   2.3616454e+01
   9.5235453e-01   2.0397716e+01
   3.2245570e-01   7.0847364e+00
   2.0691912e+00   2.4595529e+01
   5.6073491e-01   2.0828213e+01
   7.2789128e+00   2.6918949e+01
   3.6324596e+00   2.9282099e+01
   7.8582716e-01   2.0770257e+01
   2.9531320e+00   2.2531480e+01
   7.8329210e-01   2.4438611e+01
   1.1441760e+01   2.6309748e+01
   7.5028901e-01   2.0399488e+01
   2.6537520e+00   2.6890267e+01
   8.8592062e-01   2.7690966e+01
   9.3492593e-01   2.4810235e+01
   7.4726459e-02   1.8993682e+01
   8.6436038e-01   2.5769149e+01
   7.2383761e-02   2.9734800e+01
   4.6821042e-01   1.9697400e+01
   1.6468862e-02   2.6662590e+01
   4.4090671e-01   2.0525723e+01
   7.7632444e-01   2.2906281e+01
   8.7189010e-02   2.1944645e+01
   1.3564522e-01   2.6538264e+01
   4.8829541e-01   2.2769431e+01
   1.3424224e-01   2.8581672e+01
   8.1805338e-02   2.0498525e+01
   4.7221534e+00   2.8174222e+01
   5.4106429e+00   2.4637251e+01
   9.1711580e-01   2.7577290e+01
   3.2956049e+00   2.5001976e+01
   5.8375116e+00   2.1590074e+01
   5.4906353e-01   2.4099822e+01
   8.2879030e-01   2.3026678e+01
   1.4426067e+01   2.7262534e+01
   6.8293997e-01   2.0149637e+01
   7.2707286e-01   2.7567970e+01
   1.0310057e-01   2.6474005e+01
   4.4895871e-01   2.2312543e+01
   3.7870384e+00   2.5438793e+01
   2.5700918e-01   2.2136088e+01
   5.6817378e+00   2.3421677e+01
   4.6907465e-02   3.2714864e+01
   3.1056504e-01   2.4031713e+01
   1.3141254e+01   2.6554158e+01
   7.0265903e-01   2.1124042e+01
   5.6082751e-01   2.4161071e+01
   2.0149596e-01   1.9412408e+01
   8.2445245e-01   2.9589416e+01
   8.3937391e-01   1.8458176e+01
   4.8315766e-01   2.5540056e+01
   9.6755495e-01   1.7711371e+01
   4.5297507e-01   2.3589748e+01
   7.6939024e+00   2.3427844e+01
   1.8680885e-01   1.9981055e+01
   6.0016154e-01   2.8615080e+01
   6.7303038e-01   2.7927397e+01
   7.8645282e-02   2.0333433e+01
   1.8030120e-01   1.9540387e+01
   2.9893903e+00   2.4440117e+01
   1.8584249e+00   2.2874502e+01
   9.8927980e-01   2.1911989e+01
   2.1620435e+00   2.0699013e+01
   1.4333803e+00   2.7694517e+01
   7.7425680e-01   2.1323271e+01
   4.6314826e+00   3.0676956e+01
   1.3956107e+00   2.6845653e+01
   9.6516344e-01   2.5085249e+01
   2.1744200e+00   2.3389187e+01
   9.0200226e-01   1.9897237e+01
   3.4786572e-01   2.0085765e+01
   2.4185388e+00   2.4224003e+01
   3.0211002e+00   2.1388326e+01
   9.1336434e-01   2.7737357e+01
   4.0585839e-01   2.2276665e+01
   3.0398396e-01   2.4283340e+01
   1.8833350e-01   2.3515754e+01
   6.3989539e-01   2.4475076e+01
   1.7946167e+00   2.5170720e+01
   2.1291080e-01   2.3784725e+01
   9.3454732e-01   2.8110163e+01
   1.0396691e-01   3.4780889e+01
   5.2073027e-01   2.0395597e+01
   3.2795040e+00   2.0906954e+01
   6.2453302e-01   2.5023657e+01
   1.1683121e+01   2.4667422e+01
   3.1127278e+00   2.3167711e+01
   2.1602126e-02   2.2809871e+01
   5.6072377e-01   3.4708421e+01
   7.5190097e-01   2.1127266e+01
   1.2469458e+00   2.1554560e+01
   3.3919043e-01   2.1112482e+01
   3.5345263e+00   2.7636919e+01
   1.9416519e+00   2.4314647e+01
   2.1574007e-01   2.3553133e+01
   5.5630155e-01   2.6418959e+01
   3.5893918e+00   2.3432746e+01
   4.8638447e-01   1.4164562e+01
   1.2351320e+01   2.6354147e+01
   7.8493277e-01   2.0489511e+01
   1.4399746e+00   2.4471975e+01
   9.6844375e-01   3.0019738e+01
   7.7178098e-01   2.3515666e+01
   4.8824905e+00   2.0570998e+01
   3.4558432e+00   2.1944781e+01
   3.1100315e-01   2.4016852e+01
   5.8022010e-01   2.0770722e+01
   3.9597445e+00   2.6308403e+01
   1.9150623e+00   1.8897122e+01
   2.8973949e+00   2.5649558e+01
   3.9376086e+00   2.4027342e+01
   9.5665839e-01   2.3380246e+01
   4.2844251e+00   2.7536200e+01
   4.0658402e-01   2.9424018e+01
   6.7743409e-01   1.9506256e+01
   9.9289518e-01   2.1989940e+01
   5.5889957e-01   2.3461331e+01
   5.3205384e-01   2.2240612e+01
   4.3469049e-01   2.3229502e+01
   8.0120245e-01   2.0913893e+01
   2.2306070e+00   1.9227393e+01
   7.0566689e-01   3.4287185e+01
   3.2711691e-01   2.0836984e+01
   1.8477798e-02   2.1201750e+01
   1.0296242e+00   2.4409312e+01
   2.6375311e-01   2.3125109e+01
   4.2094415e+00   2.8767342e+01
   6.3854160e-01   2.5710578e+01
   7.1811743e-01   2.2035306e+01
   1.8528730e+00   2.1587381e+01
   1.2679907e+00   2.5941139e+01
   6.6752338e-01   2.3679120e+01
   1.9679145e+00   2.0112372e+01
   6.7781529e-01   2.4394475e+01
   8.9715098e-01   2.1416846e+01
   8.1296946e-01   2.1633191e+01
   8.9755782e+00   2.4075320e+01
   1.2824133e-01   2.2619166e+01
   5.7880549e-01   1.8847423e+01
   5.2233207e-03   2.2060698e+01
   1.7585392e-01   2.2376120e+01
   7.3260942e-01   2.4126994e+01
   9.6595763e-01   2.4869565e+01
   7.9160212e-01   2.6124301e+01
   7.0503877e-01   1.9947724e+01
   1.0181684e+00   2.5397381e+01
   4.9110850e-01   2.5436691e+01
   1.0721483e+01   2.2087200e+01
   3.2497261e-01   2.2008420e+01
   1.5438797e+00   2.2542563e+01
   4.7667963e-01   2.3256263e+01
   1.2705716e+00   2.3713884e+01
   1.0763534e-01   1.9971575e+01
   1.6387199e-01   3.8713083e+01
   1.7455166e-01   1.9438675e+01
   2.8006319e-01   2.6075199e+01
   7.7977181e-01   2.9051364e+01
   8.9593460e-01   1.7722973e+01
   2.5239606e-01   2.1404927e+01
   8.5724567e-01   2.3049114e+01
   2.6696108e+00   2.1320292e+01
   5.8142240e-01   1.8261406e+01
   4.8380186e+00   2.9595441e+01
   5.2234466e-01   3.4328159e+01
   2.4778284e-01   1.9184496e+01
   4.6329232e-01   2.8725227e+01
   3.8032431e-02   2.4836003e+01
   7.8162699e+00   2.4536732e+01
   2.5583361e+00   2.2456294e+01
   6.1533641e-01   2.0429476e+01
   5.5770164e-01   2.1586442e+01
   7.8035735e-01   2.3277714e+01
   2.0786797e-01   1.5483423e+01
   2.8552216e-01   2.4083014e+01
   2.5048017e-02   2.1517166e+01
   4.5688346e+00   2.6366073e+01
   1.9142389e-01   1.9636813e+01
   8.9606836e-01   3.2160389e+01
   1.0368683e+01   2.6312732e+01
   2.2218682e+00   2.5403631e+01
   7.9765716e+00   2.4265777e+01
   3.3162970e+00   1.8231734e+01
   3.7237828e-01   2.2863799e+01
   3.9589756e+00   2.1151651e+01
   1.6761788e+00   2.5057871e+01
   4.4218779e+00   2.7530958e+01
   5.5734824e+00   2.6388401e+01
   5.5236123e+00   2.5463946e+01
   4.9669504e-01   2.6066124e+01
   6.7590604e-01   2.6558944e+01
   4.1442759e-01   2.5207582e+01
   1.1086163e+00   2.5064373e+01
   2.1856746e-01   2.5487480e+01
   5.0974446e-01   2.4383056e+01
   9.7215203e-01   2.4326367e+01
   1.7746695e+00   2.4274202e+01
   3.1177392e-02   2.8953061e+01
   5.5072316e-01   2.1142849e+01
   5.1903929e-01   2.1567770e+01
   6.6148264e-02   2.3370450e+01
   6.0941017e-01   2.6910009e+01
   4.8624229e-01   2.7094831e+01
   4.7561066e+00   3.1448414e+01
   7.8173144e-01   2.5808755e+01
   7.2103370e-01   2.4315464e+01
   4.9016200e+00   1.8252131e+01
   1.4192266e-01   2.1596690e+01
   4.0998872e-02   2.3605593e+01
   9.5156768e-01   2.4879041e+01
   6.4361916e-01   2.0207385e+01
   9.7919683e-01   2.7809373e+01
   1.5123873e+01   2.1064133e+01
   1.1693552e+00   2.5925704e+01
   2.9503506e+00   2.3792008e+01
   3.8203685e-01   2.3831560e+01
   8.1077931e-01   2.0937841e+01
   1.0290507e+00   2.4708615e+01
   3.3432525e+00   2.8579078e+01
   2.0394402e-01   2.6751106e+01
   3.2632924e-02   2.3249337e+01
   5.2361224e-01   2.2024195e+01
   2.8844279e-01   2.6018903e+01
   1.3834310e+01   2.7506100e+01
   1.9989890e-01   2.3430908e+01
   1.3685175e-01   2.2742100e+01
   2.6149366e-01   2.2890888e+01
   1.2984849e-01   2.3302459e+01
   4.2336927e+00   2.3612678e+01
   9.2430432e-01   2.6284633e+01
   7.2155172e-01   2.9946354e+01
   8.4633520e-01   2.1473414e+01
   3.4924867e-01   1.4006329e+01
   2.0255607e-02   1.9009808e+01
   2.8981609e+00   2.6665921e+01
   7.8474706e-01   2.5167610e+01
   1.6402737e-01   2.7263654e+01
   3.7385133e-01   2.3590540e+01
   3.5655131e-01   2.1955398e+01
   1.8481984e-01   1.7542869e+01
   3.4447940e-01   1.9636724e+01
   5.8758120e-01   2.4264892e+01
   1.4529822e-01   2.1837632e+01
   2.0980828e-01   2.5606031e+01
   7.9360414e-01   2.3556239e+01
   4.9400754e-01   2.5121998e+01
   3.4743339e-01   5.9628297e+00
   5.0569098e-01   2.3298133e+01
   9.7181027e-01   2.0874870e+01
   3.7068142e-01   2.0038443e+01
   2.6754766e+00   2.5748885e+01
   9.7036513e+00   2.5479748e+01
   2.9346138e+00   2.4146607e+01
   7.0280690e-01   2.2064155e+01
   6.6968050e-02   2.3784687e+01
   3.3623463e-01   3.0453773e+01
   1.4461877e+00   2.0471491e+01
   3.4296782e+00   2.2050745e+01
   5.0903939e-01   2.6200967e+01
   2.2487427e-01   2.4823365e+01
   7.4643554e-01   3.9952214e+01
   1.3244099e+01   2.5581659e+01
   7.6817646e-01   2.3443631e+01
   2.2057474e+00   2.3972115e+01
   2.0611143e-01   2.7238793e+01
   2.6954453e+00   2.8552112e+01
   7.7345935e-01   1.6990583e+01
   7.7688977e-01   2.3451912e+01
   3.7710952e+00   1.9672372e+01
   9.8659699e-01   2.6348277e+01
   1.7498220e+00   2.3331974e+01
   6.4382500e-01   1.9854031e+01
   6.2583160e+00   2.6626219e+01
   9.0534707e-01   2.7688350e+01
   8.7572768e-02   2.3446014e+01
   1.8042467e+00   2.6369561e+01
   6.2639508e-01   2.4881275e+01
   1.5054464e-01   2.8170838e+01
   4.3025991e-01   1.1262110e+01
   7.4246717e-01   1.9235423e+01
   1.2911378e-01   2.1517160e+01
   2.5093130e-02   2.5061396e+01
   1.5533650e-01   2.0821681e+01
   2.8141188e-01   1.9506789e+01
   6.1828593e-01   2.6906353e+01
   7.1023237e-01   2.2567866e+01
   7.4278541e-01   2.0558860e+01
   5.1928918e-01   2.4385727e+01
   6.0921758e-01   2.1338768e+01
   5.8557526e-01   2.9871198e+01
   6.8167651e-01   2.4916676e+01
   6.4266939e+00   2.4879307e+01
   2.7448502e-01   1.9202136e+01
   3.1531266e-02   3.5571725e+01
   9.0813597e-02   2.1885052e+01
   5.3086463e-01   3.5077636e+01
   2.3626627e-01   2.5327609e+01
   5.1928096e-01   2.2621637e+01
   8.1129268e-01   2.3398047e+01
   6.9302231e+00   2.2214235e+01
   3.8611436e-01   2.0920062e+01
   6.4466803e-01   2.3963347e+01
   7.5167215e-01   1.4084237e+01
   5.3552579e-01   2.0393697e+01
   2.1189547e-01   3.1029105e+01
   8.0446446e-02   2.2842633e+01
   5.3020287e+00   2.2203373e+01
   9.3633503e-01   2.3479910e+01
   2.6103905e-01   2.6976401e+01
   1.9916362e+00   2.1061423e+01
   6.0816987e+00   2.5257635e+01
   5.6167302e+00   2.3950577e+01
   5.6971168e+00   2.3380067e+01
   1.0239169e-01   2.0862249e+01
   4.4566816e-02   2.6547834e+01
   2.2611088e-02   2.3061795e+01
   8.6198589e-01   2.3665294e+01
   7.6992237e-02   2.0163685e+01
   3.2423757e+00   2.8716249e+01
   7.7083050e-01   2.1291200e+01
   4.9693969e+00   2.4250819e+01
   2.8738333e-01   2.7479797e+01
   3.1918595e+00   3.0780240e+01
   6.3461448e-01   2.3857256e+01
   3.1284687e-01   1.7246509e+01
   5.1430368e-02   2.4110714e+01
   9.2230000e-01   2.0832421e+01
   5.0537962e-02   2.0242738e+01
   8.8291914e-01   2.2208523e+01
   5.4620954e-01   1.6133914e+01
   2.5868753e+00   2.6788194e+01
   9.7562608e-01   1.9410527e+01
   6.2663142e-01   2.3989335e+01
   4.9213747e-01   2.7518339e+01
   5.7869435e-01   2.2172139e+01
   2.9438181e-01   1.9560888e+01
   5.3570334e-01   3.0260473e+01
   1.4504991e+00   2.6047892e+01
   4.7553333e-01   3.0026536e+01
   5.3652349e-01   1.6426859e-01
   1.3545568e+00   2.4519317e+01
   4.2725212e-01   1.3105414e+01
   6.3657501e-01   2.0858785e+01
   6.1516951e-01   2.4567301e+01
   1.0817559e-01   2.3032935e+01
   7.7948782e-01   2.8171485e+01
   4.3473288e-01   2.3119330e+01
   1.8693977e+00   2.3720768e+01
   3.5226199e-02   2.2825914e+01
   3.7553307e+00   2.3433835e+01
   3.5803266e-01   2.7721333e+01
   2.8749843e-01   2.4184198e+01
   1.7940735e+00   2.8338853e+01
   6.3713848e-01   2.5280560e+01
   5.3840788e-01   2.8379038e+01
   1.0518281e-01   2.1914079e+01
   3.1952430e+00   2.6211554e+01
   2.6654783e-01   2.6406577e+01
   2.5523076e-01   2.3647437e+01
   4.8160914e-01   2.1343347e+01
   3.3852900e+00   2.6930504e+01
   5.0445811e-01   1.6601214e+01
   9.0838533e-01   1.9829793e-01
   3.6488481e-01   1.9583535e+01
   4.8497530e-01   2.0744357e+01
   5.5150909e+00   1.9650893e+01
   1.7451277e+00   2.2366801e+01
   5.2876986e-01   2.3446938e+01
   7.5451356e-01   1.9801138e+01
   1.2956517e+00   3.0864892e+01
   3.9926489e-01   2.2545898e+01
   2.1538496e+00   2.0625805e+01
   3.9529252e-01   1.2158186e+01
   4.1623808e-01   2.7599446e+01
   3.6973947e-01   2.0879759e+01
   2.9236981e+00   2.5574199e+01
   6.5264014e-01   2.8700901e+01
   9.5162724e-01   2.4120098e+01
   1.7873082e+00   2.1450467e+01
   7.5794056e-01   1.9658814e+01
   5.3964145e-01   2.2826230e+01
   8.9847775e-01   2.2494288e+01
   1.4363592e+00   2.4865093e+01
   3.0688723e+00   2.0446013e+01
   6.7107604e-01   2.7009253e+01
   4.1099710e-01   2.3996681e+01
   6.5984302e-01   2.2878311e+01
   7.4830565e+00   2.5969249e+01
   9.1609378e-01   2.1782465e+01
   9.5006991e+00   2.3004751e+01
   1.0849652e-01   2.8234859e+01
   8.9076534e-01   2.2811802e+01
   7.5129594e-01   2.9989196e+00
   2.0296093e-01   3.6315654e+01
   1.2918456e+01   2.4748764e+01
   2.1630169e+00   3.0139227e+01
   6.3081873e-01   2.8604346e+01
   9.5992722e-01   2.1980278e+01
   2.8875955e-01   2.4910720e+01
   9.7214975e-01   2.8401446e+01
   3.4797716e+00   3.3803289e+01
   4.1230010e+00   2.3246610e+01
   4.6079919e-01   2.1403937e+01
   8.3879151e-01   2.4242003e+01
   3.0232584e+00   2.4407944e+01
   4.7237113e-01   3.6832894e+01
   1.7189786e-02   2.1610286e+01
   3.9285738e-01   3.0136411e+01
   5.7406752e-01   2.5937005e+01
   4.0113668e+00   2.4418944e+01
   2.8970941e+00   2.5194007e+01
   7.1795454e-01   2.1200321e+01
   5.2077481e-01   2.2653475e+01
   1.5173900e-01   2.1440905e+01
   4.9902433e+00   2.5140805e+01
   1.0794686e+01   2.5238655e+01
   3.5126463e-01   3.1653119e+01
   4.5261830e-01   1.6829402e+01
   1.1712715e-02   2.1947821e+01
   1.0923180e-02   2.0284969e+01
   2.0626415e-01   2.3213316e+01
   1.1140272e-01   2.2907038e+01
   5.9032872e-01   2.0433718e+01
   1.9363762e+00   2.2158983e+01
   8.3233619e-01   3.6980176e+01
   3.8344061e-01   2.9358353e+01
   7.3088205e-01   2.5235750e+01
   5.2682094e-01   2.6789507e+01
   1.7903787e-01   2.1633562e+01
   5.8009470e+00   2.2136504e+01
   2.3823054e+00   2.3711109e+01
   5.5942708e-01   1.5662936e+01
   2.4955326e-01   2.2794507e+01
   3.8572490e+00   2.4784717e+01
   1.9637905e+00   2.2855311e+01
   3.7434529e+00   2.5662244e+01
   6.9030507e-01   2.4295684e+01
   4.2466640e-01   1.9291316e+01
   6.6623669e-01   1.7240724e+01
   4.5637099e-01   2.1621545e+01
   1.9738962e-01   2.4404473e+01
   7.9572129e-01   2.0524839e+01
   2.0005059e-01   2.2718126e+01
   6.4396547e-01   2.0131669e+01
   2.3483963e+00   1.9640722e+01
   3.6480041e+00   2.7067252e+01
   5.8489746e-01   2.5601816e+01
   8.4502007e-01   2.1597750e+01
   5.0851453e-01   2.4175286e+01
   7.0076204e-01   2.1122935e+01
   2.7907324e-02   1.5152127e+01
   9.4295963e-01   2.1452315e+01
   4.0537383e+00   2.4799138e+01
   7.1105133e-01   2.0697020e+01
   5.7179753e-01   1.5483529e+01
   6.5877853e-01   2.6189495e+01
   4.9894686e-01   2.0411313e+01
   6.9234362e-01   2.3576494e+01
   9.4128474e-01   1.9463690e+01
   8.6670620e-01   2.3075763e+01
   6.0821555e-01   2.2812211e+01
   9.2350621e-01   2.4679140e+01
   2.3672656e+00   2.3278545e+01
   9.3310178e+00   2.4058060e+01
   3.2344668e-02   2.4944199e+01
   1.7590931e-01   2.4507645e+01
   4.3397068e+00   2.4166644e+01
   2.7203844e+00   2.5357210e+01
   2.0173643e-01   2.0077913e+01
   3.4896642e-01   2.4968095e+01
   3.2271427e-01   2.6623683e+01
   7.5702624e-01   2.0041582e+01
   3.5198084e+00   2.2885362e+01
   3.9720309e-01   2.9780738e+01
   9.8485022e-01   3.5523535e+01
   1.1256524e+00   2.2285048e+01
   2.1882715e-01   2.2453282e+01
   7.2052869e-01   2.1520806e+01
   7.0269327e-01   3.3895936e+01
   2.4339023e+00   2.5230003e+01
   4.8908517e-01   2.6675333e+01
   9.1659105e-01   2.1676729e+01
   4.8823758e+00   1.8508435e+01
   2.1631833e-02   2.3714528e+01
   8.7495585e-01   2.3462053e+01
   2.9543151e-01   2.1534666e+01
   5.8897830e-01   2.3145279e+01
   7.0914022e-01   1.9709898e+01
   8.3191500e-01   2.5290334e+01
   8.2495784e-01   3.2786750e+01
   9.2088566e-01   2.2200117e+01
   5.3740333e+00   2.3856556e+01
   6.9570745e-02   2.1541639e+01
   3.2049991e-01   2.3992452e+01
   3.9278891e+00   2.3858469e+01
   7.4400364e+00   2.4855089e+01
   9.2271915e-01   2.0531034e+01
   2.0156095e+00   2.3217135e+01
   5.5563652e-01   2.7761412e+01
   5.6488831e-02   3.3712466e+01
   5.3768985e+00   2.5080193e+01
   6.0364519e-01   2.0858167e+01
   7.2045940e-02   1.6641218e+01
   2.7544949e+00   2.3919556e+01
   9.3450664e-01   1.9644454e+01
   9.3703738e+00   2.6088114e+01
   8.4419061e-01   2.0997792e+01
   6.0219339e+00   2.6894389e+01
   6.3868582e+00   2.3869096e+01
   7.3536914e-01   2.3579754e+01
   7.0038840e-01   2.5654134e+01
   3.3338964e-01   1.7840898e+01
   9.5104927e-01   2.1364013e+01
   5.0251867e-01   1.8389699e+01
   2.4999779e+00   2.4118285e+01
   5.9549033e-01   2.6300916e+01
   9.7527507e-01   2.8993027e+01
   7.9661061e-01   3.4230379e+01
   1.0295241e+01   2.6173088e+01
   3.3601249e-01   2.2830760e+01
   3.3560911e-01   2.4494761e+01
   7.8198918e-01   2.8502685e+01
   7.7141421e-01   2.9497674e+01
   1.3953870e+00   2.2820995e+01
   1.2166135e+00   2.2925898e+01
   3.1609085e+00   2.3858277e+01
   4.9984983e+00   2.6177276e+01
   1.1311362e-01   3.2479613e+01
   1.7749410e+01   2.4949734e+01
   2.8957614e+00   2.1802404e+01
   5.2668089e-01   2.8758859e+01
   2.7038592e-01   2.6060501e+01
   7.0742951e-01   1.8169063e+01
   3.1776876e+00   2.0732650e+01
   8.2018577e-02   2.2380407e+01
   2.8531761e-01   2.7450278e+01
   4.5695104e-01   2.1058119e+01
   1.8748228e-01   2.6855281e+01
   2.8690218e-01   2.5383805e+01
   1.3450908e+00   2.1359919e+01
   1.9001203e-01   2.3743296e+01
   8.2780485e-01   2.8404306e+01
   8.4080588e-02   2.8253357e+01
   5.6448931e-01   2.3516413e+01
   9.7905372e-01   2.5868001e+01
   4.3459542e-01   2.3411049e+01
   5.3793749e-01   2.5506272e+01
   3.2656083e+00   2.7651857e+01
   5.6838510e-01   1.9059132e+01
   8.5048769e-01   2.5325034e+01
   2.6948882e+00   2.3095524e+01
   3.8843291e-01   3.1474997e+01
   5.7691281e-01   3.7840030e+01
   8.8497285e-01   2.1121608e+01
   4.4907221e-01   2.3277171e+01
   2.6841410e+00   2.3677022e+01
   8.4208947e-01   3.1706504e+01
   5.0519601e-01   2.3543094e+01
   4.1461621e-03   1.9913404e+01
   2.4592536e+00   2.2584094e+01
   4.2952204e+00   2.5052364e+01
   6.9829069e-01   2.2757147e+01
   1.9346570e-01   2.4058790e+01
   6.9741053e-01   2.3579602e+01
   1.0489082e-01   9.3474555e+00
   1.0087679e+00   2.1262927e+01
   9.1038646e-02   1.9293920e+01
   6.1330329e+00   2.4361375e+01
   1.6495381e+00   2.9738504e+01
   3.9169118e+00   2.6526179e+01
   1.5148647e+00   2.2092646e+01
   6.3184026e-01   2.9935632e+01
   8.9803050e-02   2.9955452e+01
   7.8699132e-01   1.6057147e+01
   2.1446522e-01   1.7262936e+01
   5.3927617e-01   2.4923843e+01
   7.7985898e-01   2.3220704e+01
   3.3862378e-01   3.3325367e+01
   8.7242198e+00   2.5519707e+01
   9.5982569e-01   2.4849212e+01
   8.5525879e-01   3.1299231e+01
   2.4777142e+00   2.0875025e+01
   1.5715158e+00   2.5767548e+01
   4.3658171e-01   2.3036133e+01
   2.2971693e-01   2.5818184e+01
   2.8658727e+00   2.5456817e+01
   2.9587549e+00   2.3480078e+01
   1.0003764e-01   1.6909197e+01
   9.6022325e+00   2.5320119e+01
   4.6423642e-01   2.3436800e+01
   1.4092556e+01   2.7793772e+01
   1.6623241e+00   2.0301898e+01
   4.2458753e-01   2.6863848e+01
   9.0355962e-01   2.6351774e+01
   6.0773804e+00   2.7862032e+01
   3.6947855e-01   2.2724800e+01
   4.3485248e-01   2.4085769e+01
   4.0974745e-02   1.8729270e+01
   4.7265282e+00   2.6371063e+01
   7.4800982e-01   2.9358076e+01
   3.1332340e-01   2.4946673e+01
   2.0379642e+00   2.3468353e+01
   7.5465030e-01   2.2955701e+01
   1.7600384e+01   2.4568906e+01
   9.5929950e-01   2.2943401e+01
   2.6510672e-01   3.0524944e+01
   1.2755827e-01   2.3209021e+01
   5.1501510e-01   2.6636433e+01
   1.8712541e+00   2.1696713e+01
   4.6235144e-01   2.4088749e+01
   3.6599532e-01   2.6780262e+01
   3.9374503e-01   2.6591922e+01
   4.4259764e-01   1.8231292e+01
   7.3894850e-01   2.3348459e+01
   4.9626013e+00   2.8262580e+01
   3.8902955e-02   2.6152603e+01
   1.0546424e+01   2.5762259e+01
   9.1990935e-01   2.1945126e+01
   9.6655653e-01   2.6144379e+01
   8.2376856e-01   2.3318371e+01
   1.3289942e+00   2.3387776e+01
   9.0813182e-01   2.6831390e+01
   6.7101794e-01   1.9332930e+01
   2.1106011e+00   2.2488965e+01
   3.1641274e+00   2.6558967e+01
   8.7173158e+00   2.3122386e+01
   7.9263829e-01   2.0808752e+01
   2.1913832e-01   2.1893428e+01
   9.8052490e-01   2.7775413e+01
   1.4366529e-01   2.4396051e+01
   6.4599005e-01   2.1153836e+01
   5.5319048e-01   3.1747211e+01
   2.7378575e+00   2.4797789e+01
   2.8189751e-01   2.6672357e+01
   7.6798324e-01   2.3161165e+01
   1.3272432e+00   2.2932420e+01
   3.6377017e-01   2.5041361e+01
   8.3042226e-01   2.5452138e+01
   1.3548455e+01   2.4064589e+01
   4.1057043e-01   3.6813564e+01
   2.5802240e-01   2.4625628e+01
   5.7708170e-01   2.6793902e+01
   1.2589962e-01   2.7546435e+01
   8.3080086e-01   2.6460050e+01
   1.4306490e-01   2.4731180e+01
   6.5008542e-01   2.6262283e+01
   4.9419612e+00   2.0662169e+01
   4.5722443e+00   3.0267548e+01
   2.5940935e+00   2.2127126e+01
   1.3840066e-01   5.0749507e+00
   5.1698917e-01   2.2712268e+01
   8.5221254e-01   2.3316457e+01
   2.4226950e-01   1.7358291e+01
   7.2645992e-01   2.2364269e+01
   1.7419995e+00   2.2855491e+01
   7.1171183e-01   2.2992712e+01
   1.0609330e+00   2.1313001e+01
   8.0468781e+00   2.5834648e+01
   3.5326830e-01   2.4838782e+01
   8.2971685e-01   1.9355880e+01
   7.0134930e+00   2.6912627e+01
   2.5925309e-01   2.4474881e+01
   3.6356831e-01   2.3346500e+01
   3.4998085e-01   1.7126555e+01
   1.2834880e+01   2.5393262e+01
   5.5307089e-02   2.9591044e+01
   6.0487483e-01   2.3341390e+01
   1.2590464e+00   2.5075470e+01
   4.6187821e+00   2.4057745e+01
   1.6158175e-01   2.3818009e+01
   4.6296682e-01   2.4909071e+01
   9.2679385e-01   2.4586161e+01
   3.6717408e+00   2.3633421e+01
   8.5008809e-01   2.8143389e+01
   7.5149345e-02   2.1068249e+01
   5.3897771e-01   2.4944425e+01
   7.4655934e-01   2.1460629e+01
   6.8738657e-01   2.4522971e+01
   2.9307813e-01   1.8592125e+01
   8.8845687e-01   2.3466626e+01
   7.7012537e-02   2.6005095e+01
   8.7739079e+00   2.2968282e+01
   3.6492906e-01   2.4232532e+01
   3.4900174e-01   2.6285505e+01
   3.8460266e+00   1.9162671e+01
   2.0170507e-01   1.9020487e+01
   4.4905093e-01   1.9673306e+01
   8.1906545e-01   2.1059617e+01
   8.5134554e-01   2.6103757e+01
   8.6198049e-01   2.5907444e+01
   8.6150940e-01   2.3290897e+01
   6.0316295e-01   1.7293500e+01
   1.7632422e-01   2.4378998e+01
   1.1815080e+00   2.4488953e+01
   9.9589848e-01   2.5713437e+01
   1.1709221e-01   2.8297383e+01
   1.2030824e+00   2.4701632e+01
   1.0175245e+00   2.2819649e+01
   3.0834211e+00   2.1183702e+01
   1.8297783e+00   2.6064756e+01
   3.7582907e+00   2.9039917e+01
   1.2185030e+00   2.5186885e+01
   1.4216756e-01   2.7060783e+01
   3.9402818e+00   2.5776212e+01
   9.4333482e-01   2.9578474e+01
   5.5715954e-02   2.2417382e+01
   8.6786368e-01   2.1083571e+01
   5.7288093e-01   3.2151008e+01
   2.6935767e-01   2.5950804e+01
   5.7353869e-01   2.5662664e+01
   2.0639076e+00   2.2515206e+01
   4.7859188e-01   2.3420079e+01
   5.6548502e-01   1.9628347e+01
   3.9066731e-01   2.1715437e+01
   5.8874925e-01   2.2152851e+01
   4.6819377e-01   2.4145945e+01
   1.4454191e+01   2.7512609e+01
   4.4767334e-01   2.1467894e+01
   2.8606777e-01   2.0872520e+01
   3.6926380e-01   2.5778251e+01
   1.0160366e-02   2.2863867e+01
   4.6566887e-01   2.2974213e+01
   3.5224967e-01   2.0600888e+01
   6.9717417e-01   2.3428425e+01
   5.4769248e-01   2.3980421e+01
   2.6625996e-01   2.0310754e+01
   7.8445456e-01   3.2017581e+01
   4.2196261e-01   2.5122308e+01
   2.8955204e+00   2.6508599e+01
   4.1677414e+00   2.3534749e+01
   4.8617425e-01   1.8066416e+01
   9.1510268e-01   2.5673886e+01
   7.6089619e-01   2.2068143e+01
   7.5436891e-02   2.0792513e+01
   7.6505308e-01   2.3100380e+01
   7.1845050e-01   1.7335773e+01
   1.2086562e+01   2.5239040e+01
   7.5503639e-01   3.4785424e+01
   3.3498439e+00   2.1516176e+01
   1.6378423e-01   2.3403831e+01
   4.7167515e-01   2.1966134e+01
   2.2354179e-01   2.2091482e+01
   1.3742852e+00   2.0889349e+01
   3.5194253e+00   2.4189574e+01
   9.5373764e-01   3.8345362e+01
   1.1268361e+00   2.3705506e+01
   2.6487122e-01   3.3389434e+01
   1.8662755e-01   2.3330625e+01
   3.7045879e+00   2.7260100e+01
   6.6869037e-01   2.9362817e+01
   4.0078905e+00   2.4480930e+01
   3.3881536e+00   2.3644914e+01
   9.8825721e-01   1.8578368e+01
   6.9771578e-01   2.2818056e+01
   2.2002782e-01   2.1881247e+01
   2.4875357e-01   2.7703877e+01
   2.7712625e-01   2.2931718e+01
   1.5090450e+00   2.4421999e+01
   8.7078186e-01   2.2315325e+01
   4.6604205e-01   2.5779015e+01
   6.6838225e-01   1.6251691e+01
   9.5846965e-01   2.4751603e+01
   2.8883887e+00   2.3433005e+01
   2.2572846e-01   1.7843042e+01
   1.3757692e+01   2.5216106e+01
   6.0687463e-01   2.4861888e+01
   2.8349718e-01   2.1601472e+01
   3.2042417e-01   2.6302307e+01
   1.5160483e+00   3.5970562e+01
   6.4594653e-01   2.4140177e+01
   3.3753825e+00   2.0331922e+01
   6.3559924e+00   3.0209253e+01
   1.2754835e-01   2.6064636e+01
   9.6604818e-01   2.3445027e+01
   4.1701482e-01   2.3543143e+01
   1.4533574e+01   2.5743383e+01
   2.8257652e-01   3.5055075e+01
   3.0192884e-01   2.0490957e+01
   8.0929128e-01   2.4196648e+01
   1.0277671e-01   2.3247449e+01
   2.4282395e-01   2.4542449e+01
   1.4707723e+00   2.8352452e+01
   2.2169298e-01   2.5529556e+01
   3.4224630e+00   2.4260485e+01
   1.4404471e-01   1.9948758e+01
   2.1307367e-01   2.4747858e+01
   6.6104778e-01   2.2954425e+01
   1.8667991e+00   3.0406120e+01
   3.8791399e-01   2.2895279e+01
   5.9624123e-01   2.4762044e+01
   4.5707127e-01   1.8202181e+01
   7.2503709e-01   2.1583049e+01
   6.7093528e-01   2.5612190e+01
   1.2970684e-02   2.9706822e+01
   4.1726232e-01   2.2569663e+01
   4.7387106e-01   1.9719499e+01
   5.6621517e-01   2.5224272e+01
   4.8192336e-01   2.4790820e+01
   2.2842129e-01   1.6358027e+01
   2.7864422e+00   2.6585899e+01
   4.4022382e+00   2.6516875e+01
   2.8536543e-02   2.2968271e+01
   6.7136642e-01   2.2531472e+01
   4.9042614e-01   2.3150344e+01
   1.5304452e+01   2.8647523e+01
   4.9702538e-01   9.5677925e+00
   1.1836450e+00   1.8518813e+01
   5.9464251e+00   2.5449603e+01
   1.1060481e+01   2.2987218e+01
   8.2122922e-01   1.9651372e+01
   9.1462653e-01   4.4701422e-01
   8.1759358e-01   2.2632832e+01
   8.7221728e-02   2.1121826e+01
   9.8889966e+00   2.5253326e+01
   2.6963474e+00   2.3615688e+01
   1.8112876e-01   2.4010719e+01
   3.8504995e-01   2.3430833e+01
   3.8937563e-01   2.4108468e+01
   3.2218051e+00   2.5919998e+01
   3.8443230e+00   2.5692387e+01
   8.7937719e-01   2.2256010e+01
   9.4686013e+00   2.7070133e+01
   1.4654719e+00   2.1437897e+01
   2.6567279e-01   2.6674006e+01
   9.1854006e-01   2.0206930e+01
   3.4017223e-01   2.4057820e+01
   4.1068346e+00   2.3531730e+01
   2.1499101e-01   2.5336959e+01
   2.7322005e-01   2.1014746e+01
   7.6608432e-02   2.2227987e+01
   9.4183440e-01   2.7774951e+01
   4.6225310e-01   2.2212472e+01
   1.3973186e-01   2.4982985e+01
   2.7821372e-01   1.8218623e+01
   1.9091863e-01   3.7742726e+01
   4.4993661e+00   2.7250228e+01
   1.3335490e-01   2.6480437e+01
   4.9356434e+00   2.6963230e+01
   3.8130081e+00   2.7567018e+01
   5.7163076e+00   2.3029473e+01
   2.0844273e-01   2.1592133e+01
   3.6151596e-01   2.9646021e+01
   1.3106010e+01   2.6985949e+01
   2.2996346e+00   2.4786190e+01
   1.9587463e-01   3.1269973e+01
   2.1857593e-01   2.3054407e+01
   5.5722116e-01   2.2348702e+01
   6.7365955e-01   2.4047102e+01
   9.0341483e-01   2.4462688e+01
   9.6918723e-02   2.5116080e+01
   9.8163414e+00   2.3398441e+01
   2.2797722e-01   2.3790973e+01
   2.0751375e+00   2.5956322e+01
   6.2057368e-01   1.4029371e+00
   1.2849664e+00   1.9535233e+01
   7.2470846e-01   1.8458244e+01
   6.3415247e-01   2.2322186e+01
   7.8041643e-02   2.3923594e+01
   6.2728747e-01   2.4748237e+01
   1.4070025e-01   2.3216978e+01
   1.6758793e-01   3.3256902e+01
   5.9446922e-01   2.2591807e+01
   1.9284693e+00   3.4401600e+01
   3.7365416e-01   1.7271599e+01
   4.1454459e-01   2.3065527e+01
   2.3437682e+00   3.1069833e+01
   7.1667175e+00   5.0454944e+01
   8.1005424e-01   2.4949733e+01
   4.7733142e-01   2.4332010e+01
   9.8277515e-01   2.2765687e+01
   7.0973361e-01   2.4800632e+01
   8.5433749e-01   2.7263756e+01
   9.9481951e-01   2.0853238e+01
   4.8242603e-01   2.0058923e+01
   4.7445477e-01   2.1902858e+01
   2.2258092e-01   2.7917975e+01
   3.7002538e+00   2.6685091e+01
   8.8812509e-01   1.9888748e+01
   9.8942207e-01   2.3219967e+01
   5.7581556e+00   1.9771892e+01
   4.2394531e+00   2.9242066e+01
   1.1727482e-01   2.3693346e+01
   4.6234118e-01   2.5245604e+01
   7.8512479e+00   2.9504831e+01
   6.2558177e-01   2.2003959e+01
   3.5281790e-01   2.3009084e+01
   8.0981980e-01   1.8925150e+01
   7.8868523e-01   2.7504627e+01
   1.9965882e-01   1.9538623e+01
   6.5705255e-01   2.5361812e+01
   7.4429096e-01   2.4258782e+01
   3.4671431e-01   2.0659424e+01
   2.4233902e-01   2.3856636e+01
   1.6367299e-01   2.0607341e+01
   7.1654735e-01   1.9888922e+01
   6.2088728e-01   2.5918224e+01
   5.1641064e+00   2.6397046e+01
   2.0103099e+00   2.2230529e+01
   2.4549884e-01   2.2974285e+01
   3.8564993e-01   2.5477064e+01
   2.6165393e-01   2.4678051e+01
   6.7914913e-01   2.5595711e+01
   1.3259225e+00   2.3423207e+01
   8.2362884e-02   1.9569081e+01
   6.1444370e-01   2.4646466e+01
   1.8943282e+01   2.6499067e+01
   6.6507174e-02   2.6967010e+01
   3.1410780e+00   2.2476762e+01
   7.1888496e-01   2.2348471e+01
   2.0257294e+00   2.4386681e+01
   5.5364323e-02   1.8776361e+01
   1.6077315e+00   1.9129954e+01
   9.8890698e-01   2.3843766e+01
   5.3515587e+00   2.4118547e+01
   7.2226923e-01   3.0892672e+01
   9.2733180e-01   2.2948413e+01
   9.8351636e-01   3.4741356e+01
   6.2020005e-01   3.1057522e+01
   3.6423997e+00   2.6412233e+01
   6.0007625e-01   2.3556393e+01
   9.2285205e-01   2.3399159e+01
   2.5739797e-01   2.2193496e+01
   8.6258568e-01   2.3458140e+01
   8.3764323e-01   1.7911308e+01
   2.0546881e-01   2.7207093e+01
   3.9986956e+00   2.6249756e+01
   2.5552235e-02   2.2609309e+01
   8.6903066e-02   3.1587172e+01
   1.2251194e-01   2.3980813e+01
   2.8887240e-02   2.2473821e+01
   1.9464021e-01   2.5871324e+01
   8.0571012e-01   2.3388409e+01
   4.1408319e-01   2.6572334e+01
   8.9705980e-01   2.1255591e+01
   1.6670493e-01   2.7048052e+01
   3.7113540e-02   1.9152119e+01
   6.9149142e-02   2.4594556e+01
   6.9017406e-01   2.6219772e+01
   8.8442207e-01   3.1843930e+01
   8.4795856e-01   1.8202363e+01
   8.3885883e+00   2.5186953e+01
   4.7720712e+00   2.3175845e+01
   4.9503414e-01   1.9443063e+01
   3.2481460e+00   1.9993826e+01
   5.0143151e-02   1.7746343e+01
   2.9643448e-01   1.7373523e+01
   3.8863230e+00   2.3321362e+01
   5.6866403e+00   2.2779675e+01
