   3.0685950e+02   0.0000000e+00
   2.3426550e+02   0.0000000e+00
   1.9220760e+02   0.0000000e+00
   2.7842130e+02   0.0000000e+00
   2.4368940e+02   1.0000000e+00
   2.4655320e+02   1.0000000e+00
   3.1731570e+02   0.0000000e+00
   2.4935040e+02   0.0000000e+00
   2.2763880e+02   0.0000000e+00
   1.1704950e+02   2.0000000e+00
   2.0009970e+02   1.0000000e+00
   2.1225420e+02   1.0000000e+00
   1.7415900e+02   0.0000000e+00
   2.4981670e+02   0.0000000e+00
   2.1238740e+02   0.0000000e+00
   2.7629020e+02   2.0000000e+00
   2.0812500e+02   1.0000000e+00
   1.6413570e+02   0.0000000e+00
   2.1285360e+02   3.0000000e+00
   2.5954020e+02   0.0000000e+00
   2.5491150e+02   0.0000000e+00
   2.6839810e+02   0.0000000e+00
   2.0765880e+02   1.0000000e+00
   2.5298010e+02   0.0000000e+00
   1.8058590e+02   1.0000000e+00
   2.2467510e+02   1.0000000e+00
   2.4195780e+02   0.0000000e+00
   2.0279700e+02   0.0000000e+00
   2.3433210e+02   1.0000000e+00
   2.6843130e+02   0.0000000e+00
   2.0892420e+02   0.0000000e+00
   2.3519790e+02   0.0000000e+00
   2.4735240e+02   0.0000000e+00
   3.0592710e+02   0.0000000e+00
   2.1954690e+02   2.0000000e+00
   3.0419550e+02   0.0000000e+00
   2.4775210e+02   0.0000000e+00
   2.3166810e+02   1.0000000e+00
   2.8454850e+02   0.0000000e+00
   1.4602050e+02   3.0000000e+00
   2.0239750e+02   1.0000000e+00
   2.5031610e+02   1.0000000e+00
   2.8125180e+02   0.0000000e+00
   2.5354620e+02   0.0000000e+00
   1.3826160e+02   1.0000000e+00
   2.4442200e+02   0.0000000e+00
   2.5597710e+02   0.0000000e+00
   2.7765550e+02   0.0000000e+00
   2.8018620e+02   0.0000000e+00
   2.9277360e+02   0.0000000e+00
   2.5291350e+02   0.0000000e+00
   2.9766870e+02   0.0000000e+00
   1.7212770e+02   1.0000000e+00
   2.5527780e+02   0.0000000e+00
   2.5664310e+02   0.0000000e+00
   2.6583390e+02   0.0000000e+00
   1.6676640e+02   0.0000000e+00
   2.2760550e+02   1.0000000e+00
