  -7.1936642e-02  -7.3333465e-01
   9.6040874e-03   7.8771732e-02
  -2.0272195e+00   1.3517550e-01
  -7.1641319e-01  -4.9679997e-01
  -3.6284285e-01  -1.5343090e+00
  -8.1442796e-01   8.5883090e-01
  -1.2666238e+00   1.3420424e+00
   3.7777356e-01  -1.5888252e+00
   1.8066463e-01   8.2265669e-01
  -1.9043536e-01   8.7916772e-01
  -1.4285517e+00   1.5174391e+00
   6.1134463e-01   1.8381455e-01
   7.4677874e-01  -2.3480300e-01
   1.2157606e+00   3.3256376e-01
   1.5899207e+00  -3.9747841e-01
  -1.2448148e+00  -1.0067547e+00
  -2.8802397e-01   1.1115183e+00
  -6.3694196e-01   6.3922047e-01
  -2.6581151e-01  -4.7726608e-01
  -1.4894525e-01  -1.7818454e+00
   2.9999309e-01   2.4788043e-01
   6.6682806e-01   1.6043395e+00
   5.3609597e-01  -8.2222221e-01
   1.7188004e+00  -1.2073703e+00
  -1.0650309e+00  -8.4591122e-01
  -1.1709310e+00   1.5019841e-01
   1.9516961e-01   1.0905038e+00
   1.2314794e+00   1.7758163e+00
  -5.9277631e-01   1.0254437e+00
   6.6528109e-01  -9.0173412e-01
  -8.7325557e-01  -1.1783421e+00
   8.8740488e-01  -1.1097961e+00
  -1.3605696e+00   5.0839992e-01
  -9.7287735e-01  -9.0873448e-01
   3.7810630e-01   1.0418288e+00
   9.2144869e-01  -1.1466797e+00
   4.2139819e-01  -7.2928683e-01
  -1.6588345e-01  -1.4268293e-01
   2.1066596e-01  -1.2983521e+00
  -8.8556921e-01  -9.9923085e-02
  -5.0417392e-01  -5.3967622e-01
  -8.4635437e-01   2.8092682e-01
   5.0699025e-01  -1.1312713e+00
   1.2583752e+00   1.5646777e-01
  -6.7887174e-01   1.5343090e+00
  -5.5154062e-01  -1.7325322e+00
   1.0354532e+00  -3.8844224e-01
  -8.1745316e-01   1.7001040e+00
   6.5603246e-01   8.5213055e-01
  -2.3522005e+00   2.0622984e+00
  -1.2728673e+00   2.9586545e+00
   4.6480454e-01  -4.2682152e-01
   4.1936764e-01  -9.5366231e-01
  -3.1330664e-01   4.0217659e-01
  -1.1300892e-01   5.4649785e-01
  -2.1473719e+00  -2.0622984e+00
  -8.9894633e-01  -9.2941366e-04
   9.0266495e-01   1.0272568e-01
   1.0006027e+00  -2.1381416e+00
   6.6915150e-01  -1.5067493e+00
   1.2177090e+00   6.1134463e-01
   5.8863196e-03   1.8959577e+00
   1.8589341e-02  -1.6582423e+00
   2.5427495e-01  -1.5029045e+00
  -1.3621348e+00  -1.8759687e-01
   2.2017830e-01   2.7725595e+00
  -4.1261155e-01  -1.6156623e+00
   8.3752265e-01   1.0782338e+00
   1.1312713e+00  -5.9203786e-01
   1.4285517e+00   5.9425420e-01
  -6.6064971e-01   2.5011735e-01
  -1.2035263e+00  -2.4456155e+00
  -6.6953910e-01  -7.7826836e-01
   1.8444475e-01   5.2681924e-01
   1.5029045e+00   7.6118673e-01
   7.9855965e-01  -3.6416670e-01
   6.2333953e-01   7.4732391e-02
  -6.7536511e-01   3.9078188e-01
  -8.9385342e-01  -7.8837343e-01
   9.5953689e-01  -8.3752265e-01
  -5.3002525e-01  -1.1184401e+00
  -1.2082670e-02   9.1436699e-01
  -7.9813357e-01   1.2742615e+00
   5.1122230e-01  -4.8248023e-01
  -1.1820721e+00  -1.1895817e+00
  -1.2693926e+00  -2.2494190e-01
  -7.1681369e-01   2.0345278e+00
   7.3536308e-01   1.3158219e+00
  -8.9570270e-01   1.1709310e+00
   6.0352062e-01  -2.4581332e+00
   4.9899226e-02   8.0754104e-01
  -1.0428956e+00  -1.1920998e+00
  -7.1002076e-01   3.9278898e-01
  -1.3708033e+00  -5.0558158e-01
   9.5610604e-01   5.9536346e-01
   1.2548961e-01   1.2049509e-01
   1.6961741e+00   1.5253238e+00
  -3.5590296e-01  -2.0419465e+00
  -1.3876445e+00   1.4557191e+00
   7.7617313e-01   4.2512539e-01
   2.2715765e+00   9.8036407e-01
  -2.2925113e+00   1.5855500e+00
  -9.2381955e-01   7.6160070e-01
   1.7228859e+00   1.0628484e+00
  -6.6967795e-02   2.2141288e+00
  -1.2041657e+00  -1.8633359e+00
   1.9548539e-01  -9.4976414e-01
  -5.1298836e-01  -8.0240089e-01
  -1.0181335e+00   3.9011319e-01
  -3.0680543e-01   4.0789349e-01
  -8.9031373e-02  -1.4557191e+00
   1.1550904e+00  -2.4181503e-01
  -2.7320056e-01  -1.1526790e+00
  -3.1605321e-02  -2.3767014e-01
  -2.5669983e+00  -9.7432552e-02
   5.9795460e-01   6.9771716e-01
  -6.0203453e-01  -1.3247093e+00
  -2.6388633e-01   1.8066463e-01
  -1.4871164e-02  -2.0272195e+00
  -5.4541906e-01  -1.4174666e+00
  -1.1176185e-01   5.2859969e-01
   1.9637315e+00   8.4325579e-01
  -2.9545927e-01   1.9828788e-02
  -5.4757727e-01  -1.6368517e-01
   7.1004851e-02  -8.7008472e-01
   1.5000354e+00  -6.0054976e-01
  -1.1977935e+00  -1.7465988e+00
   3.6085825e-01   1.2833848e+00
  -4.4316790e-01  -9.8287188e-01
   9.9398051e-01   1.1312713e+00
   6.1283916e-01   3.0031717e-01
  -6.9452004e-02  -5.4218651e-01
   8.2788260e-01  -1.2840910e+00
  -6.6682806e-01   1.3605696e+00
  -1.6099751e+00   2.0248073e+00
  -8.1658805e-01   2.2307775e-02
  -1.2341289e+00  -8.5035024e-01
  -2.0701557e+00  -5.6058068e-01
  -9.2453284e-02  -5.7112492e-01
   1.2805662e+00  -1.3012362e+00
   3.1135490e-01  -4.2004429e-01
  -3.8710626e-01  -1.3481668e+00
   1.0270173e+00  -8.4414027e-01
  -1.6473153e+00   1.7027387e+00
   8.1745316e-01   1.2105872e+00
   6.7887174e-01   8.0539673e-01
  -9.3671303e-01   1.2144642e+00
  -1.9267513e+00   9.0126900e-01
  -6.1134463e-01  -9.6002793e-01
  -1.8791218e-01   6.8787134e-01
   1.3527935e+00   3.4865094e-01
  -5.6639041e-01  -2.1057701e+00
   9.4056332e-01  -1.5960475e-01
  -1.2812699e+00   3.4043219e-01
   8.5838301e-01   5.4146894e-01
  -1.0098451e+00   1.3558941e+00
  -1.7437578e+00   6.4416866e-01
   6.5181223e-01   2.0908244e-01
   5.7733560e-01   5.6414330e-02
  -3.3092711e-01  -4.9434799e-01
   1.7833629e+00   1.2819742e+00
   2.9707779e-01  -2.3193779e-01
   3.4174563e-01  -2.1541969e-01
  -8.0197350e-01   9.7836225e-01
   1.7027387e+00  -3.1233062e-01
  -9.4976414e-01  -4.0285480e-02
   5.7514107e-01  -4.7033398e-01
  -5.1122230e-01   1.1933618e+00
   1.7610197e+00   1.7040605e+00
   2.8737818e-01  -4.5894504e-01
   3.2225245e-02   8.6543368e-02
   8.2744624e-01  -1.9307316e+00
   2.0728034e+00   5.0558158e-01
   1.0754677e+00   3.6781061e-01
  -8.8878360e-01   7.0683541e-01
  -1.5019841e-01   1.6168060e+00
  -1.1126682e+00  -9.5565050e-02
  -6.7848170e-01   7.9175970e-01
  -3.8844224e-01  -3.1753952e-01
  -6.2786075e-01  -5.0206429e-01
  -1.9990196e+00  -4.4693052e-01
   8.2831911e-01  -9.2287059e-01
   1.0119107e+00   5.7843391e-01
  -2.9028518e-01  -2.0528413e-01
   9.8387674e-01   7.1481235e-01
  -2.1664010e+00  -5.1228175e-01
   1.3590078e+00   6.1960906e-04
   1.6557969e+00  -6.4760358e-01
  -1.2652431e+00  -4.9364797e-01
   3.2535212e-02   2.5124788e+00
  -5.2361864e-01  -2.2177375e+00
  -6.0463606e-01  -1.0243960e+00
  -5.2539609e-01   2.2362287e+00
  -3.8143601e-01  -1.0144987e+00
   1.8922324e+00   1.1514759e+00
  -2.6720367e+00  -6.2409218e-01
  -3.0485761e-01   5.5081936e-01
   1.3329491e+00   1.2876318e+00
   8.4055898e-02  -1.4863200e-01
   7.0073123e-02   8.6854339e-02
   4.4761531e-01  -9.7936267e-01
  -7.0365721e-01  -7.4432437e-01
   1.4191607e+00   2.0591697e-01
  -6.8238674e-01  -9.9958107e-01
  -1.4738332e+00   3.2225245e-02
   6.2931830e-02   3.5095640e-01
  -5.9869566e-01  -6.1995696e-01
  -5.6602674e-01   7.0073123e-02
   2.2141288e+00   5.4290437e-01
  -2.1351049e+00  -8.2526683e-01
  -9.1208830e-02   1.5620357e+00
   8.5972720e-01   2.6613247e-01
   2.4394976e+00   7.6242904e-01
  -1.9264414e-01  -9.1248627e-01
  -1.1265840e+00  -8.7098978e-01
  -3.5600513e+00   1.2749595e+00
  -8.9616550e-01   8.1875196e-01
   5.2681924e-01  -8.7370927e-01
  -7.4269061e-01   1.0533548e-02
   2.3480300e-01  -6.1209172e-01
  -3.1493400e-01  -2.3416612e-01
   8.3620353e-01   2.2684877e-01
   3.9078188e-01  -3.5128590e-01
  -1.9552803e+00   3.0680543e-01
  -7.5046875e-01  -1.1478763e+00
  -4.7345061e-01  -1.1176185e-01
  -5.4865732e-01   1.9092075e+00
   2.2882435e+00   3.4395081e-02
   9.9347291e-01  -4.0856694e-01
  -9.8086514e-01  -1.6330450e+00
   1.4849380e+00   7.3333465e-01
  -1.0721593e+00  -2.2756843e+00
   7.7074142e-01  -8.3137913e-01
  -7.3292933e-01  -6.9850774e-01
   7.5170103e-01  -1.6425213e+00
  -2.5716608e-02   1.8665104e-01
   7.2557870e-02  -1.4345941e+00
  -2.6677447e-01   8.7165318e-02
  -2.0973129e+00   6.8199577e-01
  -1.7405559e-01   1.9616055e+00
  -6.5142915e-01   1.2475085e+00
   6.0314897e-01   6.6026441e-01
  -1.4049245e-01   8.4990559e-01
   1.3005142e+00  -1.0509341e+00
   4.1666292e-01   3.0388413e-01
   8.5883090e-01   9.2050180e-01
   1.2631765e+00  -7.9303190e-01
   1.3128824e+00  -7.5211204e-01
  -8.0711188e-01  -1.4090566e+00
  -1.6111084e+00  -7.1002076e-01
  -7.7994700e-01   4.8348333e-02
   3.1949507e-01  -8.0925917e-01
   9.6396465e-01  -3.5161544e-01
  -5.3395112e-01   6.0873249e-01
   5.4146894e-01   1.4191607e+00
  -1.0072691e+00   2.3376719e+00
   1.3209935e+00   1.1997001e+00
   1.5709505e-01  -3.9982639e-01
  -1.5954272e+00  -5.3681147e-01
  -1.6858202e+00   7.3780118e-01
  -3.0907937e-01   2.1890886e-01
  -2.5203570e-01   7.5293444e-01
   6.7614364e-01   9.9499647e-01
  -1.8460365e+00   2.1965043e+00
  -1.5154826e+00  -1.2673872e-01
   8.7507143e-01   9.0452895e-01
  -1.0459452e-01  -5.9019313e-01
   1.8997094e+00   7.7449940e-01
  -1.4675278e-01   5.6130586e-01
  -1.0108773e+00   4.6618556e-01
  -7.9091228e-01   7.2557870e-02
   6.8787134e-01  -6.8082348e-01
  -7.3780118e-01  -8.5927896e-01
   8.3123232e-02  -1.0688625e+00
  -1.0843484e+00  -3.8877634e-01
  -3.4236020e+00  -5.3609597e-01
  -3.6317375e-01  -9.2905380e-01
  -1.9208375e+00   1.8097954e-01
   4.5481839e-01   2.3002871e-01
   6.0873249e-01  -1.0317535e+00
   2.2400203e+00   5.9610338e-01
  -1.9643282e-01  -4.8456956e-01
  -5.9019313e-01   2.1034921e-01
  -5.8503852e-01  -4.7345061e-01
  -2.2141288e+00   1.6713997e-01
   1.7668920e+00  -1.9518923e-02
   2.3543998e-01   3.0907937e-01
   1.2611414e-01   4.5550563e-01
   5.9499363e-01   5.5804487e-01
   1.4952808e+00   1.4032283e+00
   4.0217659e-01   4.9015150e-01
  -1.5038636e+00   5.7039570e-01
   6.5564832e-01   4.7796055e-01
  -1.6807104e+00  -1.6681243e+00
   3.4141721e-01   3.3682324e-01
   1.1997001e+00   2.1573678e-01
   2.7188724e+00   1.3830264e-01
  -1.2749595e+00  -4.7102617e-01
   1.2597440e+00   4.5516198e-01
  -8.5927896e-01   9.2714750e-01
   1.0787880e+00   6.7575433e-01
   4.3463966e-01   1.4456103e-01
   1.3827926e+00  -3.4174563e-01
   3.8610473e-01   3.8143601e-01
  -5.7221932e-01  -3.6151963e-01
   4.1497402e-01   9.7432552e-02
  -2.6132095e-01  -2.1859155e-01
   1.4330890e-01   2.3289265e-01
   7.1601281e-01   7.7074142e-01
  -4.9750108e-01  -8.7871185e-01
  -3.7744087e-01   1.9706453e-01
   8.3972444e-01   1.9854956e+00
  -8.7552585e-01  -2.8092682e-01
   1.5403686e+00  -6.8157519e-03
  -2.1193315e-01  -2.2798308e+00
  -9.3335538e-01  -5.5765100e-03
   2.0272195e+00   1.8475988e-01
  -3.5015063e-02   7.5953214e-01
   5.7076027e-01  -1.7091111e-01
  -2.8705533e-01  -3.2863729e-01
   7.0604019e-01   6.3315178e-01
  -7.1161614e-01  -1.3517550e-01
  -8.1529154e-01  -1.0849063e+00
   2.7802753e-01   7.9983875e-01
   2.7996013e-01   9.6890665e-01
   3.2798337e-01  -2.4645394e+00
   7.9303190e-01  -7.6990779e-01
  -5.1510975e-01  -1.8426421e+00
  -1.6437162e+00  -6.1733098e-01
  -8.9016401e-01  -9.4636505e-01
   1.1248326e+00  -7.9898587e-01
   7.4923761e-01  -5.6493619e-01
   4.7657184e-01   2.7352216e-01
   9.5904608e-01   4.5619308e-01
  -2.0444445e+00   5.2646335e-01
  -9.3386718e-02  -1.5641379e+00
  -1.0683142e+00  -2.3424600e+00
   2.0306982e-01   2.0338609e-01
   1.4830745e+00   2.4596407e-01
  -2.0528413e-01  -1.3329491e+00
   1.4665298e+00  -7.7115844e-01
   7.6824214e-01   1.7659775e-02
  -5.4973802e-01   7.7533600e-01
  -8.2812359e-02   1.6065877e+00
  -1.2392498e-02   4.5069948e-01
  -1.2673151e+00  -4.8348333e-02
   9.7432552e-02   2.6966483e-01
  -8.6692259e-01   4.1767683e-01
   1.1593266e+00  -1.0804526e+00
   8.1702053e-01  -1.2086556e+00
   2.9254788e-01   3.2700275e-01
   6.5104617e-01   7.9558015e-01
   9.2429435e-01   1.5683630e+00
  -1.1115183e+00  -9.0733085e-01
   3.2929135e-01  -1.8922324e+00
   5.5949346e-01   3.4085095e-02
   4.3259760e-01   1.7972083e+00
  -3.5524292e-01   6.8043292e-01
   6.2861553e-01  -1.9106635e-01
  -5.7965888e-02  -2.2303585e-01
  -1.3079971e-01  -1.0899425e+00
   1.2301579e+00  -3.9045287e-02
   1.9896016e-01   1.3580082e-01
   2.3621695e+00   1.2314794e+00
  -2.2968212e+00  -7.6201481e-01
  -1.6271961e+00  -6.7887174e-01
   1.1721617e+00  -1.1605408e+00
   8.9431546e-01  -9.8538589e-01
  -6.9929876e-01  -5.1450239e-02
  -5.7655565e-02  -8.1831887e-01
   7.4473312e-01   9.0639609e-01
  -1.1648039e+00   6.7588808e-02
   7.9813357e-01  -3.5062693e-01
  -7.0088211e-01  -5.8503852e-01
   3.0365508e-02  -1.3405191e+00
  -1.4620046e+00   1.8443366e+00
   7.4111063e-02   3.3780706e-01
   2.0520162e+00  -1.2392183e-03
  -7.5829256e-01  -1.5833759e+00
  -4.1733881e-01   2.0844918e-01
   9.6989789e-01   4.2309164e-01
   5.2691138e-02   1.2680070e+00
  -5.7880017e-01   7.6285836e-02
  -2.9934503e-01   4.4077677e-01
   1.2308184e+00  -3.4700532e-01
   1.2819742e+00   6.2786075e-01
   2.0654990e-01  -1.2424069e-01
   4.4795779e-01  -1.4706595e-01
  -5.0734257e-01  -1.5790501e+00
   5.0065912e-01   6.5372908e-01
  -3.5326372e-01   1.7297597e+00
  -3.8210246e-01  -8.7053716e-01
   5.9203786e-01   1.8759687e-01
   1.8349948e-01   7.1761503e-01
   4.6860449e-01   3.9211977e-01
   6.9534802e-01   1.5800687e-02
   2.2515924e+00   8.8327881e-01
   1.7803321e+00   1.4503770e+00
  -2.3935720e+00  -8.1702053e-01
  -4.9609910e-01   8.4369795e-01
   1.3392501e-01   5.8614177e-01
  -1.3397587e+00  -1.9769633e-01
   2.6613247e-01  -1.1242495e+00
   4.7553092e-01  -2.0781428e+00
  -6.4173553e-02  -9.4942624e-02
   1.2361630e-01   1.2275212e+00
   1.5086801e+00  -4.3089726e-01
  -6.5756999e-01   4.2376936e-01
  -2.6484880e-01  -1.1155495e+00
   6.2446864e-01  -4.4419344e-01
  -1.8633359e+00  -2.3098315e-01
  -7.8795078e-01  -9.3335538e-01
  -1.6425213e+00  -1.0375737e+00
  -7.1962041e-01  -9.4539588e-01
   2.2250429e+00   7.3292933e-01
  -1.0639390e+00  -1.0815640e+00
   2.0469554e+00  -3.1591082e-01
  -4.2275285e-01   1.5726163e+00
  -8.6854339e-02  -1.2414602e+00
  -3.8043666e-01   6.1883102e-01
  -7.9558015e-01   2.2589523e-01
  -1.6582423e+00  -3.1558518e-01
  -1.4477214e+00  -1.1672495e+00
  -5.5009840e-01  -1.0444979e+00
  -7.7217991e-02   1.4174407e-01
   4.6998797e-01  -1.7743191e+00
   1.2488588e+00   8.3488585e-01
  -6.7380927e-01   9.8639324e-01
  -5.2691138e-02  -2.0758393e-02
  -1.0771264e+00  -2.9837317e-01
   1.0688625e+00   1.5715503e+00
  -4.8387289e-01   6.3088203e-01
  -9.6150245e-01  -1.2196621e+00
  -5.3252258e-01  -1.2448148e+00
  -2.3723788e+00   1.0646372e-01
  -8.4812864e-01  -6.9180162e-01
  -6.1059788e-01  -2.6196213e-01
  -1.3180340e+00   2.6506537e+00
   1.0606710e+00   1.6619756e-01
  -1.1562987e+00   7.4309887e-01
   1.3055828e+00  -5.0663799e-01
   2.5267535e-01  -1.0397153e-01
  -1.0052132e+00   5.5587418e-01
  -1.0972662e+00  -6.4645776e-01
   8.0539673e-01  -5.0829819e-02
  -8.3752265e-01  -2.0401869e-01
   4.3975277e-01  -5.0875250e-01
  -1.4557191e+00  -7.2002183e-01
  -9.5953689e-01  -1.3142467e-01
  -4.6825876e-01  -1.1442915e+00
   1.6377648e+00   5.9314566e-01
  -5.2717520e-01  -6.6180623e-01
   2.6260342e-01  -4.1598722e-01
  -4.2919817e-01   1.0036740e+00
   3.2765646e-01  -5.7916651e-01
   1.5526605e+00   1.0833330e-01
   2.7886019e-02   7.1721431e-01
   8.6331930e-01   5.4075164e-01
   4.1294891e-01  -4.1328631e-01
  -8.2744624e-01  -8.3444695e-01
   6.4569435e-01   1.2086556e+00
   1.1277535e+00   5.5695920e-01
  -5.0136158e-01  -1.0217818e+00
   6.3466676e-01  -2.3547319e-02
  -1.2424069e-01  -7.7659190e-01
   1.1876980e+00  -4.9294820e-01
  -4.1126260e-01  -3.0810463e-01
   1.5458633e-01   5.1687934e-01
   1.8978302e+00   4.8178426e-01
   1.9267513e+00  -1.3924105e-01
  -9.1908301e-01  -9.2762376e-01
   5.0452574e-01   3.0980451e-04
   1.0721593e+00  -9.1060878e-01
   1.1611485e+00   5.1157539e-01
  -7.5540472e-01  -1.2308184e+00
  -7.0723318e-01   7.3576912e-01
  -9.6297907e-01  -8.7962377e-01
  -1.1955896e-01   2.0520162e+00
   9.1530857e-01  -3.6284285e-01
  -7.4636936e-01  -1.0165741e+00
   9.7238017e-01   4.3157725e-01
  -5.1404877e-01  -1.3941654e-02
  -1.6242937e-01   1.3803789e+00
   9.1813817e-01  -1.1984286e+00
  -4.6584022e-01  -2.6709551e-01
   4.3941154e-01   2.6019492e+00
   1.7925549e+00   4.7449051e-01
  -1.2770573e+00  -1.4285517e+00
  -1.8997094e+00  -1.8830325e+00
   4.1564944e-01  -2.3830755e-01
  -3.6052763e-01   3.6085825e-01
   1.6965380e-01  -9.8942131e-01
  -3.6714772e-01   1.2048057e+00
   5.9943705e-01   1.0978320e+00
  -1.7610197e+00  -1.3527935e+00
   5.5483461e-02   1.2580187e-01
  -1.7091111e-01  -1.2157606e+00
  -1.2392849e-01  -2.4981878e+00
   3.3190900e-01   8.5921451e-02
  -3.5392330e-01   1.7698511e+00
  -3.5359349e-01  -7.6741011e-01
  -1.4612650e-01   1.1771025e+00
   7.8752827e-01   9.3767430e-01
  -1.6413287e+00  -9.7188324e-01
   1.1833190e+00   9.4249370e-01
   8.1961860e-01  -1.1820721e+00
  -9.9907064e-01   1.0933154e+00
   4.9644950e-01  -8.1054934e-01
   1.4643963e-01  -2.2907448e-01
   2.3671421e-01  -7.2525092e-01
   3.0031717e-01   3.1135490e-01
   5.2667010e-03  -1.9552803e+00
  -1.8494523e+00  -1.0365129e+00
  -6.7731221e-01  -2.0728034e+00
   5.2753122e-01   4.6825876e-01
   4.2309164e-01   5.4218651e-01
   1.2495348e+00   6.8473476e-01
  -3.3465132e-02   9.3335538e-01
  -1.1425046e+00   2.0973129e+00
   2.7576096e-02  -3.7079562e-01
  -4.9644950e-01   1.5413841e+00
  -2.1415156e-01   5.6930244e-01
  -3.2438932e-01  -1.0754677e+00
   1.6485197e+00   1.5998675e+00
   3.6482887e-01  -4.0116909e-01
  -1.7153987e-01   1.2673151e+00
  -6.2597535e-01  -1.3933466e+00
   1.4023996e+00  -4.5997792e-01
  -1.8917362e-01   2.7738356e-01
   2.0394611e+00   8.2657400e-01
   4.7830787e-01  -1.6202500e+00
   8.4901678e-01   2.2208314e-01
  -1.2869223e+00   5.7989942e-01
  -5.7441017e-01   4.0553787e-01
   2.1193315e-01  -1.6651168e-01
  -3.1295363e-02   1.6111084e+00
  -6.2672924e-01  -5.7185444e-01
   8.5610505e-02   1.4710852e+00
   5.8577394e-01   7.1161614e-01
  -1.5844620e+00   1.2174344e-01
   2.4404860e-01  -3.7495129e-02
  -4.5138544e-01  -1.8948903e-01
   4.8658502e-02  -6.0985147e-01
  -1.8633580e-01   2.0675224e+00
   1.9674867e-01   7.7617313e-01
  -1.6681243e+00  -9.6150245e-01
   9.9296557e-01  -4.6238988e-01
   9.4976414e-01   2.9675403e-01
  -1.4157766e+00  -2.9513566e-01
  -1.7788228e+00  -1.5485372e+00
  -1.5768983e+00  -8.7507143e-01
  -6.7809177e-01  -1.0366005e-01
  -8.3434113e-02   1.2080716e-01
   5.3931788e-01  -1.7040073e-02
  -7.6949118e-01  -7.2868494e-02
  -8.8327881e-01   3.6218116e-01
   1.0694112e+00  -1.7940516e-01
  -1.4877430e+00  -1.0116858e-01
  -9.7736281e-01  -2.6324482e-01
   2.7447277e+00   1.1984286e+00
   1.0134627e+00   6.3390909e-01
  -5.6420953e-01  -1.1752463e+00
   1.4620046e+00  -1.3673890e-01
   5.7441017e-01  -1.6545780e+00
   9.9043269e-01  -6.7109047e-01
  -6.8669433e-01   1.7122548e-01
  -6.0947839e-01   4.3600204e-01
  -1.1550904e+00   1.8082202e+00
   3.3682324e-01  -9.4588035e-01
   1.0584061e-01  -1.5243331e+00
  -5.0030798e-01   1.4415644e+00
  -1.0067547e+00   6.0835967e-01
   1.4802888e+00   6.5718546e-01
  -4.0755683e-01   2.0275357e-01
   5.4552639e-02  -1.2041657e+00
   3.6913687e-01   3.7145940e-01
   8.6647156e-01  -5.3073843e-01
  -9.8790614e-01   1.4294118e+00
   1.0046998e+00   2.0369883e+00
   6.4836794e-01  -1.1238536e-01
  -1.3055828e+00  -3.1295363e-02
  -3.1395748e-01   2.1688016e-02
  -5.6312010e-01  -1.2242374e+00
   6.0240592e-01  -9.1577966e-01
  -1.3892823e-01  -5.0382216e-01
   1.2205555e-01   1.0241424e-01
  -3.6482887e-01  -8.8419441e-01
   6.3390909e-01  -1.1977935e+00
  -7.2444516e-01   9.5253832e-02
  -6.3277326e-01  -2.0701557e+00
   6.1995696e-01  -3.2602245e-01
  -1.3367245e+00   1.9944710e+00
  -5.5876902e-01   1.4205701e-01
   2.4181503e-01  -8.2190638e-02
   1.1795836e+00   6.4188292e-01
  -5.6166856e-01  -6.4493132e-01
  -4.6964201e-01  -9.0126900e-01
   1.6020995e+00  -3.7910478e-01
   1.3755753e+00  -6.5415375e-02
  -4.7241122e-01  -4.3696337e-02
   1.5822917e+00   2.6645346e-01
  -1.1581142e+00   4.3259760e-01
  -1.3504765e+00   2.3828417e+00
   5.5262303e-01   1.2268634e+00
  -3.4076049e-01   5.1581739e-01
   8.0325664e-02  -6.8277782e-01
  -1.1617567e+00   8.9016401e-01
   9.2619561e-01   1.5552698e-01
   4.2455969e-02   8.7962377e-01
  -1.8409528e+00  -8.5346755e-01
   9.6940215e-01  -5.1617131e-01
   1.0072691e+00   3.5920551e-01
  -9.3527275e-01   6.2931830e-02
   3.0675456e-02   1.8162222e+00
   4.1598722e-01  -7.7366335e-01
  -1.4550026e-01  -1.5929098e-01
  -2.5651547e-01   2.2525966e-01
   2.0597074e+00   5.5913121e-01
   7.8331089e-01   7.2525092e-01
  -7.1255640e-03  -2.1411981e+00
   4.7726608e-01  -1.8325843e+00
   1.0666711e+00   6.5219541e-01
   6.0448673e-02   1.0716090e+00
  -2.1442748e+00  -1.7185428e-01
   1.3941649e+00   8.5704038e-01
   1.4683483e+00   8.7098978e-01
   9.4442761e-01  -3.5326372e-01
   5.5732101e-01  -4.6797556e-02
   4.7068004e-01  -1.1389417e+00
  -6.2710632e-01   1.4612650e-01
  -8.1313373e-01  -1.2862135e+00
   1.5333045e+00   3.9111628e-01
  -2.0597074e+00   1.0623036e+00
   5.5009840e-01  -5.4326340e-01
  -2.0369883e+00  -1.2048057e+00
   1.7353182e+00  -1.7659775e-02
  -2.0545664e+00   1.8279484e-02
  -7.0683541e-01  -1.4737913e-01
   1.0170936e+00   3.1949507e-01
  -9.6791636e-01   4.8700979e-01
   4.9855320e-01   1.2904760e+00
   1.2721711e+00   1.2666238e+00
   1.5790501e+00   6.7419808e-01
  -7.4841748e-01  -1.6211546e-01
   4.7483725e-01   1.6497265e+00
   1.1544870e+00  -6.0947839e-01
  -1.3512480e+00  -1.4561326e-02
  -7.6574764e-01  -1.1706312e-01
  -6.2371581e-01  -3.7777356e-01
   1.5464854e+00   8.0069222e-01
   1.2209667e+00  -9.7743836e-02
  -4.5035659e-01   1.0093293e+00
   1.8791218e-01  -5.3752724e-01
  -8.5614615e-01  -5.5949346e-01
   4.2072114e-01   1.8129447e-01
  -1.7562847e-01  -2.5139614e-01
   7.5252318e-01  -7.6242904e-01
  -4.5104243e-01   8.5124006e-01
  -2.5587519e-01   8.6242023e-01
  -4.1463639e-01   3.9145074e-01
  -8.5569929e-01  -1.8494523e+00
  -1.2434713e+00   1.0771007e-01
  -2.0520162e+00   6.6064971e-01
   9.3144144e-01  -1.3715965e+00
  -1.8276241e+00  -9.4346021e-01
   1.3692195e+00  -4.6964201e-01
  -2.0419465e+00  -8.9031373e-02
  -8.6647156e-01  -7.7784904e-01
  -1.5801288e+00  -7.0088211e-01
  -1.5333234e-01   1.3359679e+00
  -1.6020995e+00  -1.0927524e+00
   4.0520153e-01   8.1356499e-01
   7.1041944e-01   2.0082430e+00
  -2.9902104e-01   1.5736841e+00
  -4.4898553e-01   1.1777221e+00
   4.0419281e-01  -1.2548961e-01
  -6.6644117e-01   1.3767711e-01
  -2.2525966e-01  -1.2611414e-01
  -1.8309259e+00  -1.5899207e+00
  -7.4473312e-01  -1.4398153e+00
  -3.3911933e-01   6.1396095e-01
  -4.2004429e-01  -1.1190194e+00
   1.7783123e-01   7.8499617e-01
  -2.6452795e-01   3.5722351e-01
  -1.0694112e+00  -6.9455918e-01
  -9.0639609e-01   7.0127822e-01
   5.4901749e-01  -5.9166875e-01
  -1.4784380e+00   5.0910514e-01
  -8.3745001e-02   8.1961860e-01
  -3.8076973e-01  -5.2255297e-01
  -2.7384379e-01  -1.9327333e+00
  -5.9943705e-01   4.4111820e-01
  -1.6902524e-01  -1.8668635e+00
   6.5334552e-01   1.2611152e+00
  -6.6992679e-01  -9.5171142e-01
  -3.3452892e-01   1.0525500e+00
  -2.4372945e-01  -2.5171591e-01
   5.0347046e-01   2.2430646e-01
  -1.0765732e+00   5.5985580e-01
   1.7133973e+00   3.4996812e-01
  -5.4182769e-01  -8.0026541e-01
   6.1433505e-01   1.2576917e+00
   8.0947290e-02  -1.0860231e+00
  -1.6088439e+00  -4.8631229e-01
   1.4032283e+00   8.3884323e-01
   6.1845588e-01   1.2151121e+00
  -1.5077140e+00  -3.5194502e-01
   3.7611049e-01   8.3648193e-03
   1.9149902e+00   7.4841748e-01
  -1.6743842e+00  -7.1321333e-01
   5.7034937e-02  -3.8010362e-01
   1.2666238e+00  -6.6412191e-01
   4.2343048e-01   6.0724170e-01
   1.2481834e+00   2.3098315e-01
   7.5829256e-01  -4.5413137e-01
   3.5128590e-01  -1.3590078e+00
  -3.4963877e-01   5.7655565e-02
  -1.9390672e-01  -1.7654182e+00
   1.7972083e+00   2.2176561e-01
   5.4075164e-01   2.6677447e-01
  -8.0754104e-01   1.5888252e+00
  -3.0842951e-01  -8.3006674e-01
  -1.1377573e+00   9.4976414e-01
   1.4174666e+00   4.5825672e-01
   9.0219944e-01   2.3011743e+00
   1.0487839e+00   9.9398051e-01
  -2.4456155e+00  -6.9890319e-01
   8.4857263e-01  -5.1440236e-01
   6.6837662e-01  -4.2614292e-01
  -1.9658663e+00   5.7623799e-01
   1.3374819e+00   7.0009021e-01
  -6.9062142e-01   7.9855965e-01
  -7.7282784e-01   5.5045885e-01
   1.0223727e-02   2.1859155e-01
   1.4503770e+00   2.3321098e-01
  -6.1097121e-01  -8.8970368e-01
  -1.1466797e+00   4.4419344e-01
  -1.4548259e+00  -6.5142915e-01
   2.7513058e-01   3.1363204e-01
   1.4701717e+00  -1.2299197e-01
   2.3862629e-01   1.6656385e+00
   2.8028233e-01  -6.3163825e-01
   7.9600536e-01  -5.2691138e-02
  -7.3211905e-01   3.7877191e-01
  -1.6248720e+00  -6.6915150e-01
   2.3571557e+00   8.2005215e-01
   8.6511954e-01  -3.7444846e-01
  -5.7003121e-01   5.8650968e-01
   1.1706312e-01  -6.8983515e-01
  -1.3321963e+00  -1.6190998e+00
   4.3696337e-02   1.3860236e+00
   4.1159977e-01  -1.7909034e-01
   1.9643282e-01   8.6737379e-01
  -1.0082987e+00  -9.9296557e-01
  -1.3611350e-01  -2.9125473e-01
   1.4268349e+00   4.0116909e-01
  -1.0196954e+00  -1.5323016e+00
  -8.7734533e-01  -1.1020326e-01
  -9.7586547e-01  -3.4240257e-01
   1.5768983e+00  -9.6742157e-01
   4.1632505e-01   2.7886019e-02
   1.3917128e+00   3.8476996e-01
  -1.5383425e+00  -1.8392688e+00
  -3.5491296e-01   1.8739893e+00
  -4.0352055e-01  -2.1795369e+00
   2.9435679e-02   4.2953789e-01
   3.2634919e-01  -1.0011139e+00
   2.4915852e-01  -5.9610338e-01
  -1.3852145e+00  -1.9267513e+00
   1.1977935e+00   5.5190135e-01
  -5.8320136e-01  -1.3187728e+00
  -4.9574875e-01  -3.1460846e-01
   1.2855054e+00   7.4514199e-01
   9.5253832e-02   3.2504247e-01
  -2.8415102e-01  -1.9295976e-01
  -4.5310125e-01  -1.9130555e+00
   1.4157766e+00   8.2501495e-02
  -7.1841684e-01  -3.8176922e-01
   1.9453813e-01  -6.5795461e-01
   1.3844063e+00   1.2255493e+00
   3.2145184e-01  -1.1172828e+00
   7.0405410e-01   3.4832174e-01
   1.2742615e+00  -6.5526428e-01
  -1.5910182e+00  -1.0439635e+00
   7.9770764e-01  -1.2770573e+00
   1.4225611e+00   8.0582529e-01
  -1.4683483e+00  -6.7303196e-01
   1.3629186e+00   1.0944425e+00
   1.4415644e+00  -8.3434113e-02
   4.9925493e-01  -1.1460820e+00
   1.6009825e+00   2.5747609e-01
   1.0650309e+00   5.0804741e-01
   3.1558518e-01   7.3489765e-02
   6.7653306e-01   7.8288992e-01
   4.9574875e-01  -5.5793745e-02
   4.1328631e-01   8.1568948e-02
   2.0686640e-01   1.8034974e-01
   1.9138187e-01   1.0804526e+00
  -1.5048241e+00  -1.4183131e+00
  -3.9479767e-01   5.4862908e-02
   7.2203068e-01   8.4016528e-01
   1.1407213e+00  -5.2006870e-01
   1.3700110e+00   6.9692701e-01
   1.3558941e+00   6.1022463e-01
  -6.5181223e-01   1.2736335e-01
   2.6902233e-01   4.1092548e-01
   6.6760214e-01  -3.8376933e-01
  -9.9499647e-01  -6.8787134e-01
  -4.7310409e-01  -6.9337672e-01
   1.4647161e+00   9.3144144e-01
