   2.5644330e+02   1.0000000e+00
   2.0206440e+02   0.0000000e+00
   2.2850470e+02   2.0000000e+00
   2.3233410e+02   4.0000000e+00
   1.4542120e+02   3.0000000e+00
   2.5650990e+02   0.0000000e+00
   2.3829480e+02   0.0000000e+00
   2.0765880e+02   1.0000000e+00
   2.6340300e+02   1.0000000e+00
   3.1345290e+02   0.0000000e+00
   2.8045260e+02   0.0000000e+00
   2.2797180e+02   1.0000000e+00
   2.4948360e+02   0.0000000e+00
   2.2727250e+02   0.0000000e+00
   2.4079240e+02   0.0000000e+00
   2.6919720e+02   0.0000000e+00
   2.1921390e+02   1.0000000e+00
   2.3356630e+02   1.0000000e+00
   2.5887430e+02   0.0000000e+00
   2.4735240e+02   0.0000000e+00
   2.1738240e+02   0.0000000e+00
   2.0712600e+02   2.0000000e+00
   2.2281030e+02   0.0000000e+00
   2.5258050e+02   0.0000000e+00
   2.9307330e+02   0.0000000e+00
   2.4209100e+02   3.0000000e+00
   2.1455190e+02   0.0000000e+00
   1.5088230e+02   4.0000000e+00
   2.2394250e+02   0.0000000e+00
   2.0619360e+02   2.0000000e+00
   1.9427220e+02   0.0000000e+00
   2.6729910e+02   1.0000000e+00
   2.2297680e+02   0.0000000e+00
   2.1724920e+02   0.0000000e+00
   2.6047260e+02   0.0000000e+00
   2.1238740e+02   0.0000000e+00
   2.4122520e+02   0.0000000e+00
   1.5071580e+02   1.0000000e+00
   2.6886420e+02   1.0000000e+00
   2.2763880e+02   0.0000000e+00
   2.4935040e+02   0.0000000e+00
   2.4179130e+02   1.0000000e+00
   2.6536770e+02   0.0000000e+00
   1.0785870e+02   2.0000000e+00
   2.4625350e+02   0.0000000e+00
   2.5501150e+02   0.0000000e+00
   2.5298010e+02   0.0000000e+00
   1.7102880e+02   3.0000000e+00
   3.2567410e+02   0.0000000e+00
   2.5561080e+02   0.0000000e+00
   2.0469510e+02   0.0000000e+00
