   1.6528688e-01   3.0829845e+01
   5.8340668e-01   2.1580832e+01
   3.0747232e-01   2.0606310e+01
   2.6845393e-01   2.3976156e+01
   2.7711781e-01   2.3188682e+01
   3.6214141e-01   3.5382603e+01
   1.9743581e+00   2.0300795e+01
   1.9355749e+00   2.3108138e+01
   3.8863230e+00   2.3321362e+01
   7.0747291e-01   2.1488777e+01
   8.0691436e-02   2.1975591e+01
   4.6051723e+00   2.5256191e+01
   3.2344668e-02   2.4944199e+01
   3.4894850e-01   2.2407332e+01
   3.4096510e+00   2.6556268e+01
   7.9555802e-01   2.4625522e+01
   6.8296577e-01   2.7220494e+01
   2.3337928e-01   3.0306314e+01
   6.2758475e+00   2.0675283e+01
   2.2520222e-02   1.9635822e+01
   3.0923057e-01   1.9247605e+01
   8.3293211e-01   2.3367664e+01
   1.8884244e+00   2.1142505e+01
   2.6849272e-01   2.1292401e+01
   1.1739683e+00   2.3289999e+01
   7.7653616e-01   3.2682471e+01
   4.1976191e-01   2.0012107e+01
   3.5226199e-02   2.2825914e+01
   2.8138184e-01   1.9648345e+01
   7.5794056e-01   1.9658814e+01
   4.4189467e+00   2.2933084e+01
   2.8232064e-01   2.3470321e+01
   1.3300397e-01   2.2439117e+01
   2.1422949e+00   2.3100503e+01
   7.2806216e-01   2.1249659e+01
   6.7741580e-01   2.8308601e+01
   1.2471399e+01   2.8817746e+01
   1.0239169e-01   2.0862249e+01
   1.9375051e-01   1.7191254e+01
   1.3959372e-01   2.1684413e+01
   1.9177574e-01   1.9139148e+01
   8.0599881e-01   2.4244213e+01
   4.2097311e+00   2.7583301e+01
   9.9950172e-01   2.4503890e+01
   7.7180078e-01   2.7500666e+01
   6.0854368e-01   2.5576060e+01
   5.8857369e-01   2.5522131e+01
   1.4755214e-01   1.8733048e+01
   1.4519811e+00   2.2772921e+01
   6.0643441e-01   3.4574884e+01
   1.1455333e+00   2.2272760e+01
   8.5376978e-01   4.0817485e+01
   3.9439161e+00   2.1815348e+01
   5.9973797e-01   3.9435559e+01
   8.5871188e-01   2.0940576e+01
   7.0578283e-01   2.9007948e+01
   1.0923180e-02   2.0284969e+01
   2.7174992e-01   2.3207308e+01
   4.9936523e-01   1.8873599e+01
   9.4448486e-01   8.1994717e-01
   2.8259114e+00   2.1314357e+01
   1.5179266e-01   2.4426330e+00
   9.2271915e-01   2.0531034e+01
   2.8141188e-01   1.9506789e+01
   9.6232669e-01   2.6197093e+01
   4.9849657e-01   2.2664103e+01
   4.7563713e+00   2.3670319e+01
   6.6142076e-02   2.6325654e+01
   3.3246483e-01   1.8850577e+01
   1.2317423e-01   1.7669169e+01
   4.4907221e-01   2.3277171e+01
   1.6279482e-01   2.1816801e+01
   8.4090960e-01   2.8314564e+01
   6.0370017e-02   2.5246973e+01
   4.3973042e-01   2.1970666e+01
   5.4479598e-02   2.1493628e+01
   3.2632924e-02   2.3249337e+01
   7.0295487e+00   2.5526053e+01
   1.1269562e-01   2.3712246e+01
   7.0321028e-02   2.0531944e+01
   2.1543275e-02   2.2634353e+01
   9.5871184e-02   2.6265023e+01
   3.8568795e+00   2.5248250e+01
   1.9342002e-01   4.2668823e+00
   1.3149988e+00   2.8626049e+01
   1.3272432e+00   2.2932420e+01
   7.5584632e-01   2.8059276e+01
   5.5633882e-01   2.5519739e+01
   7.8674995e+00   2.7565524e+01
   7.0498614e-01   3.1915811e+01
   1.0147285e-01   3.1639657e+01
   1.3898340e-01   2.2688961e+01
   5.1303133e-02   2.7284243e+01
   2.0298418e+00   2.1647730e+01
   4.5739002e-01   2.2376764e+01
   9.3068309e-01   1.5608140e+01
   4.1984367e-04   2.2370104e+01
   3.3296826e+00   2.4796868e+01
   1.0182168e+00   2.4662784e+01
   2.8330650e-01   3.3779094e+01
   3.9398397e-01   1.9828830e+01
   2.1088823e+00   2.2503770e+01
   2.9522028e+00   2.6760811e+01
   8.8385793e-03   2.5135447e+01
   1.6090385e-01   2.1995164e+01
   3.3981582e-01   2.4156091e+01
   7.0773562e-01   2.0110068e+01
   8.1979611e-01   2.4363032e+01
   6.8076997e-01   1.9130220e+01
   1.4849310e+00   2.6630544e+01
   7.5736967e-01   3.1206374e+01
   4.4339960e-02   2.3091066e+01
   2.1617494e-01   2.2996902e+01
   9.1726476e-01   5.7600762e+00
   2.8150387e-01   2.5442866e+01
   9.7957808e-01   2.3554587e+01
   4.1587767e-01   1.8966904e+01
   3.7216414e-01   2.9015458e+01
   2.1874391e+00   2.0263541e+01
   8.7225380e-01   2.0292139e+01
   4.8456461e-01   2.4042662e+01
   4.2462240e+00   2.6254229e+01
   9.0120175e-01   1.8207671e+01
   9.7183466e-02   2.2874592e+01
   5.0711530e-01   2.2190867e+01
   4.8380186e+00   2.9595441e+01
   1.5301755e-01   2.0791667e+01
   9.9071351e-01   2.3726884e+01
   3.9551662e+00   2.5913809e+01
   5.5364323e-02   1.8776361e+01
   2.7815017e-01   1.4131198e+01
   6.5762201e-01   2.7156563e+01
   1.8915042e+00   2.4599855e+01
   5.4866388e-01   1.9119276e+01
   8.7572768e-02   2.3446014e+01
   1.0391882e+01   2.4933881e+01
   5.4896698e-01   2.0084930e+01
   9.0895823e-01   1.8170631e+01
   1.3169658e+01   2.7301525e+01
   9.5708190e-01   1.7199083e+01
   8.1203317e-01   2.4905778e+01
   9.8168642e-01   2.1662160e+01
   1.7946167e+00   2.5170720e+01
   6.7654400e-01   1.5645753e+01
   9.9289518e-01   2.1989940e+01
   9.5830941e-01   2.5610009e+01
   6.0511745e-01   2.4644415e+01
   5.3768985e+00   2.5080193e+01
   1.6388280e-01   8.3528528e+00
   3.3746392e+00   2.5616932e+01
   2.6515879e-02   2.5534672e+01
   6.1828593e-01   2.6906353e+01
   6.9741053e-01   2.3579602e+01
   3.8205329e-01   1.8551382e+01
   9.9197056e-01   3.0566316e+01
   4.4589878e-01   2.3178813e+01
   2.0170896e+00   2.1953596e+01
   4.4259394e-01   2.2437890e+01
   5.0724115e-01   2.1790830e+01
   1.9108343e-01   2.5602390e+01
   4.0638350e+00   2.3038817e+01
   8.4025098e-01   2.5478338e+01
   5.3570334e-01   3.0260473e+01
   8.5874739e-01   2.0720152e+01
   2.2974854e-01   3.2170101e+01
   4.4127052e-01   1.9176252e+01
   7.7204712e-03   1.9981216e+01
   6.1934485e-01   2.6005630e+01
   7.8173144e-01   2.5808755e+01
   8.6480426e-01   2.3756608e+01
   8.7447758e-01   2.1204895e+01
   2.5158134e-01   2.4643008e+01
   4.2202210e+00   2.3167612e+01
   1.2754835e-01   2.6064636e+01
   5.8466185e-01   2.1340239e+01
   2.7296240e-01   2.1597644e+01
   1.4261024e+00   2.4412347e+01
   3.5580890e-01   2.3151927e+01
   5.0778346e-01   2.3302275e+01
   5.4509763e-01   2.4720070e+01
   7.7490583e-01   3.5183412e+01
   4.2402301e-01   1.9588785e+01
   7.4866900e-02   3.2975325e+01
   5.7795815e+00   2.4982806e+01
   4.6556788e-01   2.1045626e+01
   2.6134863e-01   1.9841151e+01
   9.5042762e-01   3.4921181e+01
   3.8746623e+00   2.5210037e+01
   3.1034504e+00   2.7834353e+01
   1.5605533e-01   2.0938464e+01
   6.3912591e-02   2.2513428e+01
   6.3184026e-01   2.9935632e+01
   6.6848546e-02   2.6897188e+01
   9.6792896e-01   2.0216649e+01
   3.0507844e-01   1.8941713e+01
   3.1884829e+00   2.3472810e+01
   3.1937280e+00   2.5807976e+01
   8.2109314e-01   2.7298281e+01
   4.1554858e-01   2.0536333e+01
   4.3071324e-01   2.2531924e+01
   4.5688346e+00   2.6366073e+01
   2.4731490e-01   2.3428800e+01
   2.0456282e+00   2.4191444e+01
   2.6181225e+00   2.3872645e+01
   4.5977626e-01   1.9198289e+01
   8.2140053e-01   2.3419750e+01
   2.5639186e-01   2.9224578e+01
   1.2512595e+01   3.1885683e+01
   3.7429971e+00   2.0884977e+01
   8.9799587e-01   2.4995180e+01
   3.3609107e+00   2.7034231e+01
   3.7098790e+00   2.6943885e+01
   5.1346702e+00   2.5582279e+01
   2.3110736e-01   2.3043411e+01
   1.6057718e-01   2.2234914e+01
   4.2052270e-01   1.9711104e+01
   4.2717143e+00   2.4422179e+01
   1.3712977e-01   1.8437213e+01
   3.1641274e+00   2.6558967e+01
   1.8802223e+00   2.1525279e+01
   3.8327379e-01   2.4047444e+01
   1.2099763e+00   2.4019746e+01
   9.1600555e-01   1.3644165e+01
   1.0725172e-01   2.3260448e+01
   5.4152805e-01   2.3909519e+01
   6.4602934e-01   1.8415493e+01
   4.8617425e-01   1.8066416e+01
   6.6752338e-01   2.3679120e+01
   8.4964387e-01   2.0341478e+01
   3.8249029e-01   1.9678668e+01
   6.3636177e-01   2.3366885e+01
   3.2592450e-01   3.2027936e+01
   9.2914141e-01   3.0546769e+01
   3.1938512e-01   2.7084008e+01
   3.3978570e-01   2.5924280e+01
   1.2289041e+00   2.8406441e+01
   5.2172963e-01   2.6385941e+01
   4.7957083e+00   2.5054066e+01
   2.4999779e+00   2.4118285e+01
   2.3094860e+00   2.6868747e+01
   6.7169875e-01   2.2844449e+01
   1.5843719e-01   2.9949395e+01
   5.9489258e-01   2.3159816e+01
   2.8741314e-01   2.2469117e+01
   3.0939981e-01   2.5380228e+01
   1.4033251e-01   2.5391905e+01
   8.8442207e-01   3.1843930e+01
   3.2356456e-01   2.8175179e+01
   9.5543145e-01   2.7475868e+01
   8.4830870e-01   3.4678796e+01
   4.5750087e-02   2.4566432e+01
   3.1059046e-01   2.0962809e+01
   5.7444163e-01   2.3667921e+01
   5.2708000e-01   3.0684373e+01
   4.7430868e-01   1.9941749e+01
   3.0976431e+00   2.2705508e+01
   1.8348778e-01   2.0114235e+01
   1.4076881e-01   2.0684282e+01
   5.6838510e-01   1.9059132e+01
   9.5563826e+00   2.9583172e+01
   5.1928096e-01   2.2621637e+01
   1.9346570e-01   2.4058790e+01
   7.9118562e-01   3.4421681e+01
   9.6825387e-01   2.9230354e+01
   1.4479512e+00   2.2043029e+01
   9.5254136e-02   2.8295428e+01
   3.4214376e-01   2.1665464e+01
   9.4986536e-01   2.0676370e+01
   5.1770516e-01   2.3184833e+01
   1.0455240e+01   2.5413684e+01
   4.4478564e-01   2.6265702e+01
   5.7858924e+00   2.8441126e+01
   6.1395859e-01   2.8997950e+01
   5.5826242e+00   2.5794457e+01
   9.7483319e-01   2.5277466e+01
   4.2613859e-01   2.4376483e+00
   5.9063604e+00   2.1878769e+01
   2.1653873e-01   2.2259875e+01
   3.4451028e-01   2.3988970e+01
   9.4937694e+00   2.6780900e+01
   1.0510517e-01   2.5952170e+01
   3.7714866e+00   2.2736493e+01
   6.9720378e-02   2.1481929e+01
   9.0015174e-01   2.9689767e+01
   1.5389355e-01   3.5012570e+01
   7.2890212e-01   2.1355092e+01
   1.2918456e+01   2.4748764e+01
   8.0173174e-01   1.8050476e+01
   5.2801666e-01   2.0267069e+01
   2.8001483e+00   2.1382936e+01
   7.9067390e-01   2.4549586e+01
   5.2145121e+00   2.4557142e+01
   7.4643554e-01   3.9952214e+01
   9.6913510e-01   2.1176587e+01
   5.7834091e-01   2.0838860e+01
   4.1898843e-01   2.1983499e+01
   1.3306554e-01   1.6019997e+01
   9.1916898e-01   2.5195884e+01
   2.6774067e-01   2.0404910e+01
   2.8875955e-01   2.4910720e+01
   8.0301082e-01   1.5154903e+01
   3.9597445e+00   2.6308403e+01
   8.0571012e-01   2.3388409e+01
   1.0553468e+01   2.4877538e+01
   2.2167262e-01   2.4520838e+01
   3.3090640e-01   2.4456727e+01
   2.5275460e-01   1.9506623e+01
   2.5378059e+00   2.2209100e+01
   3.5335167e-01   2.2065129e+01
   9.9485847e-01   3.3363674e+01
   3.8606364e-01   3.5840342e+01
   1.8234042e-01   2.2880973e+01
   2.0371767e+00   2.4355237e+01
   6.2393365e-01   2.3909724e+01
   6.1398023e-01   2.7178456e+01
   7.3599114e-01   2.1090649e+01
   3.8119946e+00   2.4544895e+01
   4.0974745e-02   1.8729270e+01
   9.7527507e-01   2.8993027e+01
   9.1176715e-01   2.9833206e+01
   1.0344798e+00   2.4861669e+01
   1.1086163e+00   2.5064373e+01
   5.5721298e-02   2.3417076e+01
   9.4954378e-01   2.7130494e+01
   6.3967189e-01   1.6285000e+01
   4.1559418e-01   2.5735984e+01
   2.2598183e+00   2.8157520e+01
   2.3496157e-01   2.1974066e+01
   8.6903066e-02   3.1587172e+01
   7.6034991e-01   2.8965995e+01
   9.8609033e+00   2.7356738e+01
   5.5150909e+00   1.9650893e+01
   2.7991215e-01   2.3341913e+01
   9.4012973e-01   2.3826997e+01
   7.4477514e-01   2.7384580e+01
   7.5436891e-02   2.0792513e+01
   1.8647948e-01   2.2597040e+01
   2.2229319e-01   2.3595586e+01
   5.1698917e-01   2.2712268e+01
   7.9974332e-01   2.3857925e+01
   1.5560428e-01   2.5384210e+01
   7.1061684e-01   2.9512013e+01
   3.6469469e+00   1.9112818e+01
   7.8046348e-02   2.0893217e+01
   4.6380214e-01   3.4844210e+01
   3.5345299e+00   2.3869106e+01
   9.6723253e-01   2.1548250e+01
   2.8051808e+00   2.1015489e+01
   3.9439950e+00   2.0216677e+01
   4.2878146e+00   1.9004869e+01
   2.2606983e-01   2.4566023e+01
   4.1677414e+00   2.3534749e+01
   3.8803067e-01   2.2643480e+01
   1.8826935e-01   1.9035955e+01
   4.2984829e-01   2.1517834e+01
   2.7835122e+00   2.3775791e+01
   8.3333503e-01   3.5792015e+01
   9.1694706e-01   2.2392264e+01
   9.0715427e-01   2.4628396e+01
   8.9775106e-01   2.3174603e+01
   9.0985427e-01   2.5308136e+00
   7.2645992e-01   2.2364269e+01
   3.2162847e+00   2.3538451e+01
   7.5277007e-01   2.5799121e+01
   2.6131867e+00   2.1842839e+01
   4.9110850e-01   2.5436691e+01
   1.4797320e+00   2.2681957e+01
   6.1241477e-01   2.4102350e+01
   2.9320940e+00   2.5755719e+01
   3.4418213e-01   1.3588238e+01
   3.8164963e+00   2.3002047e+01
   3.9376086e+00   2.4027342e+01
   6.3530104e-01   3.4949328e+01
   5.9442675e-01   2.2904152e+01
   3.7846648e-02   3.4087210e+01
   4.6237337e+00   2.6856418e+01
   3.7661977e+00   2.5202855e+01
   3.3038265e-01   2.4603652e+01
   4.8626513e+00   2.5611870e+01
   2.5053681e+00   2.5249213e+01
   3.4640278e+00   2.8072704e+01
   1.9523011e-01   2.4268751e+01
   9.1848890e-01   2.0432208e+01
   3.6304776e-01   3.0512591e+01
   4.7340272e+00   2.2982883e+01
   8.2709584e-01   2.1324386e+01
   1.0111864e+01   2.4185386e+01
   1.6279846e-01   2.1809498e+01
   4.0419941e-01   2.3908956e+01
   6.3686301e-01   1.3895838e+01
   2.2629831e+00   2.6935119e+01
   2.0683537e-01   2.7346046e+01
   3.5224967e-01   2.0600888e+01
   3.7496674e+00   2.4141679e+01
   2.8708183e-01   1.7419891e+01
   9.3703738e+00   2.6088114e+01
   5.6548502e-01   1.9628347e+01
   5.2213361e-01   2.1234481e+01
   5.3360577e-02   2.2858013e+01
   3.5161030e+00   2.9799704e+01
   2.2183742e-01   2.1604296e+01
   9.7918234e-01   2.6504176e+01
   1.3841966e+00   2.1107068e+01
   5.7691281e-01   3.7840030e+01
   1.9581510e+00   2.4049728e+01
   2.0255607e-02   1.9009808e+01
   4.0936339e-01   1.9241350e+01
   8.0693926e-01   2.3558061e+01
   6.5818108e-01   2.1066878e+01
   3.8780545e-01   2.3065124e+01
   8.4271157e-01   3.3804656e+01
   6.3072068e-01   2.6591773e+01
   9.1403670e-01   2.3009205e+01
   8.8252272e-01   2.8649967e+01
   7.0978544e-01   3.7426264e+01
   9.7489066e-01   2.8168471e+01
   1.3654624e+01   2.4357959e+01
   2.7544062e-01   2.4955997e+01
   8.1283290e-01   2.2822928e+01
   2.7905592e-01   2.7909610e+01
   4.6888895e+00   2.5786666e+01
   3.4790080e+00   2.6547667e+01
   7.2487781e-01   3.0174699e+01
   5.7393839e-01   1.9871515e+01
   7.1285094e-03   2.2689830e+01
   5.5570925e-02   2.4532057e+01
   1.2630370e+00   1.9801314e+01
   1.0912244e-02   1.8345459e+01
   1.4247298e+00   3.0413618e+01
   3.8434919e-01   2.5781097e+01
   5.4266579e-04   2.5501973e+01
   9.8494922e-01   1.9925770e+01
   4.3270243e-01   2.3761638e+01
   2.8621812e-01   2.0043307e+01
   4.4109887e-02   2.6261990e+01
   5.7581556e+00   1.9771892e+01
   5.6258328e-01   1.9666943e+01
   4.6604205e-01   2.5779015e+01
   2.9510993e+00   2.7481732e+01
   8.4360381e+00   2.4622857e+01
   3.4977500e+00   2.6588615e+01
   8.1749549e-01   1.9879077e+01
   4.0637346e-01   2.4184014e+01
   9.8549399e+00   2.7368523e+01
   1.1976663e+01   2.3758528e+01
   1.7061642e-01   2.1856536e+01
   4.4924851e-01   2.1375531e+01
   9.4713803e-01   2.4032612e+01
   5.0521201e-01   2.6188278e+01
   9.9986438e-01   2.3419398e+01
   1.4569616e-01   1.9384593e+01
   5.5811862e-01   2.8666586e+01
   4.0664177e-01   1.7514277e+01
   1.1727482e-01   2.3693346e+01
   8.9507894e-01   2.4335277e+01
   4.1863964e+00   2.3047099e+01
   2.0948937e-01   2.1904568e+01
   4.5722443e+00   3.0267548e+01
   6.0315395e-01   2.2917476e+01
   4.2938843e+00   3.0007379e+01
   3.3075024e+00   2.3335153e+01
   4.0386667e-01   2.9894909e+01
   3.3335779e-01   2.6605585e+01
   8.3380275e-01   2.2781580e+01
   5.7336973e-01   2.7902796e+01
   1.3204205e+00   2.1351895e+01
   5.3898175e-02   2.1008935e+01
   6.9280280e-01   2.1616655e+01
   2.0384468e+00   2.7200523e+01
   6.6542654e-01   3.8159585e+01
   5.8798082e-01   1.7914492e+01
   6.9425754e-01   2.0182525e+01
   2.4597733e+00   2.6212096e+01
   5.7869435e-01   2.2172139e+01
   8.6685823e-01   2.1209687e+01
   8.0887796e-01   2.4038020e+01
   4.8823758e+00   1.8508435e+01
   1.2589962e-01   2.7546435e+01
   9.1763814e-01   2.0357826e+01
   2.1692466e+00   2.2003651e+01
   3.6878963e+00   2.3056397e+01
   4.3111209e-01   2.9318353e+01
   1.3685175e-01   2.2742100e+01
   3.8247789e-01   3.1212568e+01
   1.4205256e-01   1.7594936e+01
   2.4069177e+00   2.0948774e+01
   2.9759815e+00   2.7012956e+01
   8.7394523e-01   2.6051438e+01
   1.2337513e+00   2.9716572e+01
   9.9032036e-01   2.8382824e+01
   2.2881547e+00   2.3564046e+01
   4.9265158e+00   2.3630800e+01
   4.5222805e-01   2.3405347e+01
   7.7178098e-01   2.3515666e+01
   5.1689484e-01   2.3946015e+01
   4.2494550e+00   2.3415373e+01
   7.9380136e-01   1.7605860e+00
   4.4781065e-01   2.0506806e+01
   2.0736035e+00   1.9917905e+01
   9.1464254e-01   1.7152796e+01
   8.5200439e-01   2.5559520e+01
   3.5194253e+00   2.4189574e+01
   4.8574302e-01   1.7890306e+01
   9.3413065e-01   2.3290382e+01
   2.4967157e-01   2.2955861e+01
   4.8239927e-01   2.6132403e+01
   4.6438411e-01   1.9878077e+01
   1.3982910e-01   2.7084484e+01
   6.7661588e-01   2.6009180e+01
   4.9985144e-01   2.2183190e+01
   3.9992022e-01   2.8493452e+01
   3.8371123e-01   2.8948660e+01
   5.6004805e-01   1.7462494e+01
   6.5998429e-01   3.0517091e+01
   3.3577300e+00   2.4963874e+01
   3.5421715e+00   2.7214465e+01
   6.5853249e-01   3.2542150e+01
   3.8941762e-01   2.5605800e+01
   3.1841483e-01   2.7078589e+01
   8.0427127e+00   2.5232793e+01
   2.6919623e-01   2.1145129e+01
   9.6230008e-01   1.6064093e+01
   7.0265903e-01   2.1124042e+01
   4.2844251e+00   2.7536200e+01
   3.1571826e-01   2.3010443e+01
   7.1939428e-01   2.2921597e+01
   2.7134519e-01   2.1072737e+01
   5.0402277e-01   3.3564093e+01
   2.2180690e-02   1.9349150e+01
   3.8344061e-01   2.9358353e+01
   1.3513746e-02   1.6983559e+01
   9.7083038e-01   2.6281393e+01
   6.8478520e-01   2.5807412e+01
   7.7744246e-01   2.7663524e+01
   5.2359936e-01   2.0029279e+01
   1.5532486e-01   1.9876551e+01
   2.0211037e-01   6.9455855e+00
   3.1492195e-02   2.1050794e+01
   7.6486943e-01   2.6365946e+01
   2.6829425e-01   1.9656508e+01
   1.3192144e-01   2.1926010e+01
   2.0173643e-01   2.0077913e+01
   1.8451806e-01   2.3615477e+01
   1.3730042e+00   2.4978222e+01
   4.9882688e-01   3.1369850e+01
   8.2767567e-01   2.1749750e+01
   1.6709473e+00   2.3902354e+01
   1.4525479e+00   2.5983034e+01
   9.8631325e-01   2.0345164e+01
   5.3737771e-01   1.9653827e+01
   6.9030507e-01   2.4295684e+01
   8.8461483e-01   3.4032593e+01
   5.9990959e-01   2.9310132e+01
   2.0414546e-01   2.1627000e+01
   7.7246627e-01   2.5991394e+01
   5.4022397e-01   3.1245564e+01
   7.3506133e-01   2.1848948e+01
   9.0031258e-01   2.5575110e+01
   3.3370110e-02   1.6030425e+01
   4.0658387e-02   2.1540916e+01
   4.5709880e-01   2.3071072e+01
   3.0876330e+00   2.4053204e+01
   1.0027098e-01   5.0046183e-01
   1.1850427e+01   2.8235288e+01
   4.3077759e-01   1.6031766e+01
   7.7941681e-01   2.7700034e+01
   7.0258636e-01   2.5627953e+01
   1.4991350e+01   2.4975241e+01
   1.6349966e-01   2.0282104e+01
   2.9281972e-01   2.4277606e+01
   3.3464099e+00   2.0925331e+01
   3.7365416e-01   1.7271599e+01
   5.2644086e-01   2.5360820e+01
   6.5635025e-01   2.7160014e+01
   8.5288073e-01   1.6653620e+00
   5.7312486e-02   2.6530159e+01
   1.0117445e+00   2.4372287e+01
   3.2779150e+00   2.6576245e+01
   4.3769410e-01   2.2951732e+01
   8.5603328e-01   2.5755501e+01
   1.9149588e+00   1.9893361e+01
   2.3285419e-01   3.2165105e+00
   9.8432250e-01   1.8317594e+01
   5.8426126e-01   2.4471696e+01
   7.0742951e-01   1.8169063e+01
   9.7072756e-01   1.9815872e+01
   5.6488831e-02   3.3712466e+01
   6.5516808e-02   3.0837718e+01
   3.7207760e-01   3.7350877e+01
   4.9984983e+00   2.6177276e+01
   3.9522070e-01   2.5355484e+01
   6.4010244e-01   2.6037506e+01
   6.2478862e+00   2.0434769e+01
   7.7872981e-01   2.3746620e+01
   9.8323878e-01   3.6516883e+01
   1.1261540e+01   2.5848634e+01
   1.9333164e-01   2.0483368e+01
   8.7223230e-01   3.3954541e-01
   4.1215757e+00   2.9448086e+01
   2.5448251e-01   1.7511967e+01
   1.0821214e+00   2.5028110e+01
   2.0937451e-01   1.0821599e+01
   3.3535903e-01   2.4538578e+01
   7.6736962e-01   2.4727722e+01
   6.9539351e-01   2.8521747e+01
   7.7625711e-02   2.2928259e+01
   1.6711634e-01   2.1321166e+01
   9.2545401e-01   2.1330418e+01
   1.2644844e-02   2.4259124e+01
   8.5591995e-01   2.2536752e+01
   5.9226620e-01   1.6910245e+01
   2.3843997e+00   1.6639912e+01
   4.9175553e-02   1.7276939e+01
   8.0442603e-02   2.3940067e+01
   7.4429096e-01   2.4258782e+01
   3.0557148e+00   2.3774140e+01
   4.5632593e-01   1.9883216e+01
   6.4002827e-01   2.1906692e+01
   1.2638636e+00   2.4693896e+01
   3.6814933e+00   2.3175504e+01
   9.0385481e-01   1.5554419e+01
   3.8528626e-01   1.9686619e+01
   1.0225063e-01   2.4774663e+01
   5.3481447e-01   3.0152170e+01
   2.2998475e+00   2.0229811e+01
   5.0440015e-01   2.3628013e+01
   3.6565243e+00   3.1062565e+01
   8.3080086e-01   2.6460050e+01
   3.3762141e-01   2.2666216e+01
   6.3185633e-01   2.8574757e+01
   2.4412792e-01   2.4318226e+01
   2.7341117e+00   2.3180266e+01
   3.2131628e+00   2.5544506e+01
   6.6434804e+00   2.5459872e+01
   8.0893612e+00   2.5624658e+01
   3.6102186e-01   2.3852627e+01
   1.2865034e+01   2.7258406e+01
   2.1019221e+00   2.1146542e+01
   9.2961047e-01   2.1017010e+01
   4.6674005e+00   2.6328662e+01
   1.5940267e+01   2.4303910e+01
   6.7275159e-01   2.3431040e+01
   2.7439940e+00   2.8193629e+01
   1.7137298e-01   2.2958927e+01
   6.3995899e-01   2.0365115e+01
   5.7640480e+00   2.4367314e+01
   3.5396798e-03   2.2503326e+01
   8.8518463e-01   2.0616668e+01
   8.1212460e-01   2.9360966e+01
   2.6542614e+00   2.0310809e+01
   4.5721782e+00   2.8843825e+01
   9.6132468e-01   2.2740229e+01
   9.4066425e-01   2.5535934e+01
   1.6378423e-01   2.3403831e+01
   1.6835880e-01   2.4304021e+01
   1.1694471e-01   2.3983201e+01
   3.2119894e+00   2.4385673e+01
   6.2583160e+00   2.6626219e+01
   1.4140362e+00   1.9579580e+01
   5.7125241e-01   1.8439672e+01
   9.6143202e-02   2.2057643e+01
   1.3814323e-01   2.5914448e+01
   2.2306070e+00   1.9227393e+01
   3.3753825e+00   2.0331922e+01
   8.4366971e-01   3.1986403e+01
   9.9788241e+00   2.3181810e+01
   7.9532148e-01   2.2895222e+01
   3.1987997e+00   2.8048720e+01
   1.5507553e-01   1.7164119e+01
   7.0278763e-01   2.5071078e+01
   1.2088829e-01   2.1206048e+01
   8.3900524e-01   2.1249822e+01
   1.0875774e+00   2.4964803e+01
   5.9304602e-01   2.4576271e+01
   3.5940021e-01   2.4542865e+01
   9.6839898e-01   2.2994158e+01
   1.3999184e-01   2.1825994e+01
   7.1398094e-01   2.6017184e+01
   5.4182090e-01   2.5501564e+01
   6.8737110e-01   3.1060628e+01
   5.8133967e-02   2.3678799e+01
   9.5473841e-01   7.5803332e+00
   2.7174972e+00   2.7062347e+01
   2.4325700e-01   2.5773031e+01
   6.1698340e-01   2.2056909e+01
   5.1922661e-02   2.2091925e+01
   1.9190243e-02   1.8354594e+01
   1.4042906e+01   2.2613820e+01
   8.9223191e-01   2.3140598e+01
   2.7148584e+00   2.3316825e+01
   8.2861278e-02   2.2814647e+01
   2.1989377e-01   2.0609471e+01
   4.4852519e+00   2.3487177e+01
   1.5296143e+01   2.3009845e+01
   5.5401354e+00   2.4175391e+01
   6.4444178e-01   8.6438149e+00
   2.1444758e+00   2.1452225e+01
   9.6844375e-01   3.0019738e+01
   7.8168563e+00   2.7140663e+01
   7.7977181e-01   2.9051364e+01
   5.6132426e-01   2.0633288e+01
   5.5981840e+00   2.5399288e+01
   1.3953870e+00   2.2820995e+01
   4.4086376e+00   2.2954624e+01
   8.2879030e-01   2.3026678e+01
   3.3560911e-01   2.4494761e+01
   4.8936448e-01   2.6582430e+01
   3.7285229e-01   1.9134390e+01
   2.4878919e+00   2.3019454e+01
   7.7362336e+00   2.6419125e+01
   5.8232576e-01   2.1540156e+01
   7.8223140e-01   1.9355036e+01
   6.1840528e-01   2.4684634e+01
   3.2831448e+00   2.7274301e+01
   3.1177392e-02   2.8953061e+01
   1.9289092e-01   2.0616249e+01
   1.3065102e+00   2.1040322e+01
   2.3643412e+00   2.2754958e+01
   1.7621924e-01   2.4974280e+01
   5.4486218e-01   2.9034122e+01
   5.5767326e-01   2.3810166e+01
   7.0297347e-02   2.9564472e+01
   4.2022260e+00   2.1264948e+01
   9.6604818e-01   2.3445027e+01
   1.0711077e-01   1.9935047e+01
   6.0941017e-01   2.6910009e+01
   3.5752388e-01   2.9292459e+01
   1.0321188e-01   2.7049388e+01
   1.2457983e-01   2.1663304e+01
   5.2492263e+00   2.5049263e+01
   1.9060586e-01   3.8037211e+01
   1.3346061e-01   2.3683854e+01
   3.2685276e+00   2.2235058e+01
   4.8960634e-01   2.3100410e+01
   1.0287404e-01   2.0600750e+01
   7.9656462e-01   2.1641885e+01
   6.5729860e-01   2.7994843e+01
   9.4128474e-01   1.9463690e+01
   7.9709208e-01   2.5971652e+01
   4.3669535e+00   2.2827643e+01
   3.8660267e-01   2.0123718e+01
   1.6277007e-01   2.1237075e+01
   9.3637048e-01   2.2321285e+01
   1.2773639e-01   1.6575236e+01
   3.8006384e-01   2.0003642e+01
   8.5607922e-01   1.6162721e+01
   2.9631926e-01   2.5420074e+01
   2.3668495e+00   2.4986907e+01
   2.1529461e-01   2.0285111e+01
   2.1389882e-01   2.3827549e+01
   2.5195146e-01   2.3503795e+01
   3.4900174e-01   2.6285505e+01
   1.0613251e+01   2.6021197e+01
   6.1992115e+00   3.0677794e+01
   2.1818145e-01   2.1375721e+01
   4.5261830e-01   1.6829402e+01
   4.6556760e-01   2.2832168e+01
   7.4992757e-01   3.1939577e+01
   8.2984357e-01   2.3910096e+01
   3.9636615e-01   2.4334912e+01
   5.3099363e-01   1.8954119e+01
   3.6956459e-02   2.2444933e+01
   2.0388754e-01   3.0298646e+01
   4.0011931e-01   2.2959125e+01
   6.3724426e-01   1.8324099e+01
   1.7138423e-01   1.9602627e+01
   5.3401650e-02   2.1904506e+01
   1.5049746e-01   3.0796504e+01
   8.8949537e-02   2.0351405e+01
   1.5734203e-01   2.3243898e+01
   8.6599437e+00   2.5825782e+01
   3.2109211e-02   2.1617038e+01
   8.0703175e-01   2.3329056e+01
   5.3840788e-01   2.8379038e+01
   8.2404640e-02   2.8984815e+01
   7.4926563e-01   2.0323471e+01
   1.2680532e+00   2.1197680e+01
   1.3225769e-01   2.2724029e+01
   1.5198741e+00   2.0049313e+01
   2.7323625e-01   2.7433520e+01
   3.1752410e+00   2.2435677e+01
   6.6382822e-01   3.2724495e+01
   4.0497745e-01   3.0840428e+01
   1.0108347e-01   2.5499118e+01
   5.0147071e+00   2.8665697e+01
   1.8899947e-01   2.2959751e+01
   7.2276119e-01   3.0435336e+01
   1.7407288e+00   2.5900366e+01
   7.7503742e-01   2.5666304e+01
   2.0009537e-01   2.6086785e+01
   2.2528745e+00   2.5395331e+01
   6.8533717e-01   2.2933261e+01
   5.2107943e-01   2.4979269e+01
   2.3062423e-01   2.2327453e+01
   9.1036651e-01   2.0487495e+01
   1.1446048e+00   2.6489621e+01
   6.0834668e-01   3.1328116e+01
   7.4959573e-03   2.2770292e+01
   4.8580956e-02   2.8273383e+01
   3.2983863e-01   2.6446350e+01
   8.6265012e-01   1.2046707e+01
   5.6095116e-01   2.2921567e+01
   2.7448502e-01   1.9202136e+01
   7.3582963e-01   2.3724612e+01
   6.6195364e-03   2.7114990e+01
   1.5367353e+00   2.5504245e+01
   7.0476506e-01   2.9340822e+01
   3.8287588e-01   2.7547067e+01
   4.7494948e+00   2.4629851e+01
   9.4322152e-01   2.9165899e+01
   4.8790998e-01   2.5674377e+01
   7.6431054e-01   1.9998483e+01
   6.8499989e-01   2.3285917e+01
   4.5330865e+00   2.0925826e+01
   2.6647754e-01   2.5193128e+01
   3.5834297e+00   2.3902413e+01
   5.0693874e-01   2.5806730e+01
   5.1146700e-02   2.7225620e+01
   6.8200076e-01   2.3307303e+01
   9.1331925e-01   2.4001312e+01
   6.1472441e+00   2.8222550e+01
   6.4035344e-01   2.0925770e+01
   6.8765877e-01   6.1289997e+00
   7.3811982e-01   2.1004013e+01
   7.1749677e-01   2.2313279e+01
   3.6140246e-01   1.9509077e+01
   2.5523076e-01   2.3647437e+01
   3.0745935e+00   2.0308884e+01
   7.5722565e-02   2.4344922e+01
   9.1602805e+00   2.6996013e+01
   2.0900790e-02   3.1445269e+01
   6.5013000e-01   2.5178862e+01
   3.3384639e-01   1.9804004e+01
   3.3432525e+00   2.8579078e+01
   5.5098498e-02   2.5979023e+01
   3.0181096e-01   2.3068781e+01
   3.3573175e-01   2.1367811e+01
   1.4804507e+01   2.5842888e+01
   1.2219841e-01   2.4126465e+01
   4.1788009e-01   2.2707092e+01
   3.4998085e-01   1.7126555e+01
   4.6519435e-02   2.7552705e+01
   5.8727585e-01   2.3892107e+01
   6.5471653e-01   2.3649738e+01
   5.0284532e-01   1.8634124e+01
   4.4566816e-02   2.6547834e+01
   3.3367928e-01   1.4053782e+01
   4.6629565e-01   2.2294730e+01
   7.9109259e-01   2.2194482e+01
   7.6179224e-01   2.6840863e+01
   2.3310325e+00   2.3549848e+01
   5.6308587e-01   2.4711628e+01
   2.9448270e-01   3.2112105e+01
   9.6770522e-01   2.2517891e+01
   4.8510907e-01   2.8141279e+01
   6.8884969e+00   2.5588163e+01
   1.4569736e-01   2.3211778e+01
   6.1376687e-01   2.5462860e+01
   8.8783444e-01   2.5953814e+01
   1.9176730e-02   2.1837828e+01
   5.1221366e+00   2.1593136e+01
   2.5180086e+00   2.9806879e+01
   3.0812176e-01   2.1508368e+01
   3.0591621e-01   2.8357135e+01
   4.3037313e-01   2.6618074e+01
   1.0310057e-01   2.6474005e+01
   8.3800540e-01   2.1099653e+01
   5.8801818e-01   2.7510885e+01
   5.7179753e-01   1.5483529e+01
   1.9812021e-01   2.1411169e+01
   1.9777863e-01   1.8509138e+01
   2.4975065e+00   2.2165514e+01
   3.1294400e+00   2.1853526e+01
   4.7531096e-01   2.0401088e+01
   2.2846093e+00   2.4516263e+01
   3.3069023e+00   2.1067249e+01
   6.6002671e-01   2.0864845e+01
   2.6251834e+00   2.5696012e+01
   3.9417285e+00   2.4281506e+01
   1.1836450e+00   1.8518813e+01
   8.3885883e+00   2.5186953e+01
   5.3998418e-01   2.3279623e+01
   2.1940493e-01   2.3440582e+01
   4.3350568e+00   3.0843751e+01
   2.9085907e-01   2.0319086e+01
   1.3237729e+01   2.7925699e+01
   1.4571869e+00   2.5939999e+01
   5.7837195e+00   2.3390924e+01
   5.2806587e+00   2.6625078e+01
   8.0598540e+00   2.3723393e+01
   6.2110453e-01   1.9639147e+01
   5.1351499e-01   2.6231822e+01
   7.0867280e-01   2.3053997e+01
   4.1011310e+00   2.8478082e+01
   1.0550587e+00   2.3452659e+01
   3.9076391e+00   2.3566183e+01
   5.2115800e+00   2.1766849e+01
   2.8074289e-01   2.4100171e+01
   3.4390554e+00   2.4309957e+01
   5.3353200e-01   2.0121859e+01
   1.5148855e+00   2.7997062e+01
   6.2119943e-01   2.4319861e+01
   1.4835953e-01   2.8030135e+01
   5.2409218e-01   3.2267874e+01
   4.6826006e+00   2.5824896e+01
   5.1969081e+00   2.2345095e+01
   1.2973543e-01   2.1322857e+01
   9.5937411e-01   2.5678900e+01
   6.3854160e-01   2.5710578e+01
   2.1209715e-01   2.5611297e+01
   5.8847160e+00   2.7982700e+01
   7.0000829e-01   2.6832920e+01
   8.9846875e-01   2.4138750e+01
   6.1189600e-01   2.7029233e+01
   6.9476438e-01   2.1266280e+01
   1.0529037e+01   2.6111929e+01
   4.1324454e+00   2.4480678e+01
   5.1282957e+00   2.5775295e+01
   4.1770801e+00   2.6322320e+01
   5.1149512e-01   2.0397947e+01
   3.5316573e-01   1.9019708e+01
   3.6578350e-01   3.0094715e+01
   1.7455166e-01   1.9438675e+01
   5.3422193e+00   2.4235835e+01
   5.8391372e+00   2.5120525e+01
   1.2122729e-01   8.1890817e-01
   4.0850799e-01   2.2935843e+01
   4.3091039e+00   2.5611843e+01
   1.1331404e+01   2.4947000e+01
   4.7670939e-01   2.2677835e+01
   5.9442644e-01   2.4252031e+01
   2.8716908e-01   2.0089890e+01
   1.9142309e-01   2.3564768e+01
   6.3098038e-01   1.7378734e+01
   3.8807711e-01   2.0490433e+01
   9.5227603e-01   2.4830013e+01
   2.9653025e+00   2.1128615e+01
   4.6967040e-01   2.0209223e+01
   7.0562272e-01   2.7551000e+01
   3.1713002e-01   1.9818751e+01
   4.6488678e-01   2.3813159e+01
   7.3766259e-01   2.3910078e+01
   3.4046687e+00   2.7735540e+01
   1.3200457e-01   3.0063696e+01
   3.3104797e+00   2.2545068e+01
   4.5798462e-01   2.5473749e+01
   8.9593460e-01   1.7722973e+01
   3.7146275e+00   2.3094366e+01
   7.2293348e-01   1.8084231e+01
   7.0763176e-01   1.9780885e+01
   6.5968891e-01   2.1941585e+01
   6.9717417e-01   2.3428425e+01
   6.7590604e-01   2.6558944e+01
   9.4765733e-01   1.9444976e+01
   9.5408379e-01   2.5501490e+01
   3.4797716e+00   3.3803289e+01
   5.9143075e-02   2.7409913e+01
   2.8189751e-01   2.6672357e+01
   6.1544796e+00   2.2568833e+01
   8.0232255e+00   2.6689823e+01
   1.8680885e-01   1.9981055e+01
   8.6398026e-01   3.3842716e+01
   5.0304798e-01   2.5497670e+01
   6.6490315e-01   2.3821212e+01
   4.3844075e-01   1.7631290e+01
   1.4016485e-01   2.7628149e+01
   4.6423642e-01   2.3436800e+01
   4.6746259e+00   2.5553464e+01
   2.2214835e+00   2.7423867e+01
   3.0607226e-01   1.1649060e+01
   8.8577244e-01   2.3742396e+01
   4.3538442e+00   2.1981573e+01
   2.9410861e-02   2.5931124e+01
   1.9148554e-01   1.6849425e+01
   2.3184589e-01   2.3708915e+01
   4.5805623e-01   2.3824173e+01
   5.2412834e-01   2.0129022e+01
   6.4785856e-01   2.6408934e+01
   7.8847035e-01   3.6856485e+01
   1.6146320e+00   2.6380247e+01
   5.6551496e-01   3.1457778e+01
   1.7265464e+00   2.2405762e+01
   3.3338964e-01   1.7840898e+01
   2.8973949e+00   2.5649558e+01
   4.8345187e-01   2.6476487e+01
   3.5334466e-01   1.8019115e+01
   3.8617265e-01   2.0283712e+01
   8.6837503e-01   2.4573671e+01
   8.9847775e-01   2.2494288e+01
   1.9523922e+00   2.5323159e+01
   4.1354614e-01   2.0176043e+01
   6.8097978e-01   1.0932878e-01
   6.3381410e-01   2.3198540e+01
   2.6696108e+00   2.1320292e+01
   2.3699836e-01   2.4620265e+01
   5.6119060e-01   2.2889134e+01
   5.1304823e-01   2.4664893e+01
   1.0172497e+00   2.5984951e+01
   4.6979100e-01   2.3212574e+01
   9.6677585e-01   2.4364117e+01
   4.1575748e-01   2.3036475e+01
   5.6432737e-01   2.4909215e+01
   4.6256071e+00   2.6561572e+01
   9.9988040e-01   2.4630652e+01
   3.4530776e-01   2.0680967e+01
   9.8705301e-01   3.3288792e+01
   2.0296093e-01   3.6315654e+01
   4.6318080e+00   2.3772412e+01
   2.3729149e-01   2.2215037e+01
   6.4396547e-01   2.0131669e+01
   6.4186527e-01   2.5122255e+01
   8.2370155e-01   2.3687939e+01
   2.1106011e+00   2.2488965e+01
   7.3880146e-01   2.1195162e+01
   1.3190507e-01   2.9591367e+01
   1.9311765e+00   2.2391139e+01
   4.4341642e-01   2.2962321e+01
   2.5209314e-01   2.3130184e+01
   7.3537844e-01   2.4490151e+01
   1.4882895e+00   2.3971134e+01
   9.5530043e-01   2.3312674e+01
   5.6707158e-01   2.5154628e+01
   9.6755495e-01   1.7711371e+01
   9.8289353e-02   2.5440166e+01
   1.9214398e-01   1.6955104e+01
   4.6314826e+00   3.0676956e+01
   8.7574671e-01   2.4285078e+01
   1.9252504e-04   2.6967361e+01
   1.6530651e-01   2.6650689e+01
   4.0302625e+00   2.3888361e+01
   9.8942207e-01   2.3219967e+01
   1.3049952e+00   2.4547313e+01
   7.2383761e-02   2.9734800e+01
   8.6174465e-01   2.5787288e+01
   1.7629779e+00   2.1451997e+01
   2.3469475e+00   2.3586334e+01
   4.2725212e-01   1.3105414e+01
   2.2697222e+00   2.5842727e+01
   5.7848182e-01   2.3187885e+01
   3.6780643e+00   2.0856336e+01
   5.2190407e-02   1.9656069e+01
   8.8366951e-01   3.4100677e+01
   9.7828904e-01   2.8282414e+01
   2.8257652e-01   3.5055075e+01
   2.7682229e-01   3.1318422e+01
   1.5813690e-01   2.0272492e+01
   5.4167053e-02   2.5936775e+01
   5.4171994e-01   2.4038255e+01
   9.2803667e-02   1.9334903e+01
   3.9622422e+00   2.1254205e+01
   6.2388413e-01   1.9454469e+01
   7.2467805e-01   2.4068468e+01
   1.0998048e+01   2.5158125e+01
   1.6072436e+00   2.2136964e+01
   9.6538820e-01   2.3291769e+01
   2.0085191e-01   3.1433654e+01
   7.5647475e-01   3.5847827e+01
   2.9524916e-01   2.9296586e+01
   9.0083738e-01   2.2269916e+01
   1.0688088e+00   2.7811011e+01
   1.3768008e+00   2.5814344e+01
   4.6128837e+00   2.7808922e+01
   1.3850429e+00   2.1300511e+01
   6.2329593e-01   2.0475524e+01
   7.8633477e-01   2.2088420e+01
   1.6973366e+00   2.2243788e+01
   5.5318218e-01   2.2048693e+01
   9.9029675e-01   2.1257113e+01
   1.1730128e+00   2.3975773e+01
   8.9074570e-01   3.3150329e+01
   7.3241611e-01   3.1300681e+01
   7.3880620e-01   1.7329511e+01
   5.7176925e-01   2.0338220e+01
   5.8965093e-01   2.1640335e+01
   1.2470552e-01   2.2429401e+01
   8.4874432e-02   1.9702856e+01
   3.0374344e+00   2.2216558e+01
   1.3911309e+00   2.6327416e+01
   5.0806900e-01   2.3303394e+01
   5.0482920e-01   2.0822997e+01
   3.9611966e-01   2.0024729e+01
   5.3006237e-01   2.0024866e+01
   2.0201345e-01   2.5671714e+01
   3.6610679e-01   2.2833696e+01
   1.2762266e+01   2.5943125e+01
   1.9989890e-01   2.3430908e+01
   3.8317376e-01   2.1649597e+01
   7.2652600e-01   2.4825963e+01
   6.1062016e-01   2.5502853e+01
   3.3456716e-01   2.3106675e+01
   7.6115766e-01   2.2045617e+01
   6.5363181e-01   2.1903496e+01
   6.1616797e-01   2.0443215e+01
   8.9503525e-01   2.3595980e+01
   1.1683640e-01   2.2845742e+01
   9.5982317e-01   2.9736787e+01
   9.5072305e-01   2.6753513e+01
   5.0426045e-01   1.8147296e+01
   8.2445245e-01   2.9589416e+01
   3.0004354e+00   2.4161005e+01
   9.3652475e-01   2.7295640e+01
   1.2787143e-01   2.5840804e+01
   1.2182572e+00   2.3042503e+01
   2.1964780e-01   2.6338397e+01
   4.8624229e-01   2.7094831e+01
   9.8076470e-01   2.5050355e+01
   7.7725218e-01   2.1271225e+01
   7.9707625e-01   3.0743468e+01
   4.9213747e-01   2.7518339e+01
   5.3640130e-01   1.6407642e+01
   3.6990713e+00   2.2554232e+01
   1.1101515e+01   2.1587141e+01
   2.3844298e-01   2.2301720e+01
   2.6573411e+00   2.5762794e+01
   2.9373747e-01   3.1996959e+01
   3.1679806e-01   1.6685750e+01
   2.7646782e+00   2.7219813e+01
   8.4513946e-01   2.2492435e+01
   6.1457498e-01   3.0415103e+01
   8.6150940e-01   2.3290897e+01
   4.1846974e-01   2.9502260e+01
   2.7417201e-01   2.4770796e+01
   1.2539397e-02   1.3542646e+01
   4.1623808e-01   2.7599446e+01
   2.7900182e-01   2.4379542e+01
   1.7600384e+01   2.4568906e+01
   2.4529924e-01   2.0096577e+01
   9.2301798e-01   2.5598035e+01
   8.8710834e-01   2.7693724e+01
   7.3164329e-01   2.1159481e+01
   1.5706303e+00   2.3368908e+01
   1.3564522e-01   2.6538264e+01
   2.0246857e-01   2.7048440e+01
   1.6267947e-01   1.8004795e+01
   7.7083050e-01   2.1291200e+01
   8.0488433e-01   1.6385209e+01
   6.1082020e-01   2.2619873e+01
   4.2739732e-01   2.7721917e+01
   9.8062931e-01   1.5354004e+00
   4.7934794e-01   2.4885305e+01
   7.1023237e-01   2.2567866e+01
   1.4329043e+00   2.4821091e+01
   4.4848974e-01   2.1196500e+01
   7.6043149e-01   1.9162521e+01
   2.3047587e-01   3.0789699e+01
   9.3242156e-01   2.5333619e+01
   8.5525879e-01   3.1299231e+01
   3.3498439e+00   2.1516176e+01
   1.4454269e-01   2.2872201e+01
   3.7794660e-01   2.2150770e+01
   8.6786368e-01   2.1083571e+01
   8.7293818e+00   2.3587439e+01
   8.4879345e-01   3.2287807e+01
   2.8877420e-01   2.1381381e+01
   3.1566042e+00   2.0691562e+01
   2.0487198e-01   2.3505592e+01
