   2.4005970e+02   1.0000000e+00
   2.5444530e+02   0.0000000e+00
   2.1341970e+02   0.0000000e+00
   2.3646330e+02   1.0000000e+00
   2.2827150e+02   1.0000000e+00
   2.5910740e+02   0.0000000e+00
   2.3166810e+02   0.0000000e+00
   2.6087220e+02   0.0000000e+00
   1.9294020e+02   2.0000000e+00
   1.9483840e+02   1.0000000e+00
   2.7722250e+02   0.0000000e+00
   2.1674970e+02   0.0000000e+00
   2.6163810e+02   0.0000000e+00
   2.2370940e+02   0.0000000e+00
   1.7306010e+02   2.0000000e+00
   1.9920060e+02   3.0000000e+00
   2.5621020e+02   0.0000000e+00
   1.7602380e+02   3.0000000e+00
   2.2317660e+02   0.0000000e+00
   2.2117860e+02   3.0000000e+00
   2.0725920e+02   1.0000000e+00
   2.5151490e+02   1.0000000e+00
   2.3729580e+02   1.0000000e+00
   2.4482170e+02   0.0000000e+00
   2.5274700e+02   1.0000000e+00
   2.3499810e+02   0.0000000e+00
   1.6093890e+02   3.0000000e+00
   2.3413230e+02   0.0000000e+00
   2.1358630e+02   0.0000000e+00
   2.5001640e+02   2.0000000e+00
   2.0253060e+02   1.0000000e+00
   2.0026620e+02   0.0000000e+00
   2.6913060e+02   1.0000000e+00
   1.0765890e+02   2.0000000e+00
   1.9686960e+02   0.0000000e+00
   2.0532780e+02   0.0000000e+00
   2.2737240e+02   1.0000000e+00
   1.9607040e+02   0.0000000e+00
   2.2614030e+02   0.0000000e+00
   2.6613360e+02   0.0000000e+00
   1.9563750e+02   1.0000000e+00
   2.0849140e+02   0.0000000e+00
   2.1058920e+02   1.0000000e+00
   2.1172140e+02   0.0000000e+00
   2.6626680e+02   0.0000000e+00
   3.0043260e+02   0.0000000e+00
   2.2041270e+02   2.0000000e+00
   2.1152160e+02   2.0000000e+00
   2.1092220e+02   0.0000000e+00
   2.2953690e+02   0.0000000e+00
   2.6816490e+02   0.0000000e+00
   2.6130510e+02   1.0000000e+00
   2.2790520e+02   0.0000000e+00
   1.9137510e+02   1.0000000e+00
   2.4172470e+02   0.0000000e+00
   2.1908070e+02   3.0000000e+00
   2.1994650e+02   1.0000000e+00
   1.9933380e+02   0.0000000e+00
   1.6969680e+02   0.0000000e+00
   2.5837470e+02   1.0000000e+00
   2.2271040e+02   2.0000000e+00
   2.7302680e+02   1.0000000e+00
   1.9696950e+02   0.0000000e+00
   2.8434870e+02   0.0000000e+00
   2.0329650e+02   0.0000000e+00
   2.2271040e+02   4.0000000e+00
   1.9820160e+02   0.0000000e+00
