   2.2663980e+02   0.0000000e+00
   2.2683960e+02   0.0000000e+00
   2.4758560e+02   0.0000000e+00
   2.4775210e+02   0.0000000e+00
   1.1641680e+02   3.0000000e+00
   2.9863440e+02   0.0000000e+00
   2.9237400e+02   1.0000000e+00
   2.4735240e+02   0.0000000e+00
   1.7732250e+02   1.0000000e+00
   2.3426550e+02   0.0000000e+00
   1.2853800e+02   2.0000000e+00
   2.5354620e+02   0.0000000e+00
   2.7589050e+02   0.0000000e+00
   2.4655320e+02   0.0000000e+00
   1.8468180e+02   1.0000000e+00
   2.2773880e+02   0.0000000e+00
   2.4162480e+02   0.0000000e+00
   2.5417890e+02   2.0000000e+00
   2.8258380e+02   0.0000000e+00
   2.0665980e+02   0.0000000e+00
   3.2567410e+02   0.0000000e+00
   2.5214760e+02   0.0000000e+00
   2.6047260e+02   0.0000000e+00
   2.0166480e+02   1.0000000e+00
   2.1724920e+02   0.0000000e+00
   2.0865780e+02   0.0000000e+00
   2.6563410e+02   0.0000000e+00
   2.5887430e+02   0.0000000e+00
   3.0309660e+02   1.0000000e+00
   2.1008970e+02   0.0000000e+00
   2.6583390e+02   0.0000000e+00
   1.9473840e+02   0.0000000e+00
   2.1235410e+02   1.0000000e+00
   2.1645000e+02   3.0000000e+00
   2.2917070e+02   0.0000000e+00
   2.3180130e+02   0.0000000e+00
   2.3882760e+02   0.0000000e+00
   2.6616690e+02   1.0000000e+00
   2.7842130e+02   0.0000000e+00
   2.6453520e+02   0.0000000e+00
   2.4259050e+02   1.0000000e+00
   3.1724910e+02   0.0000000e+00
   2.5527780e+02   0.0000000e+00
   1.5258060e+02   1.0000000e+00
   1.3689630e+02   0.0000000e+00
   2.5644330e+02   1.0000000e+00
   1.2377610e+02   4.0000000e+00
   2.4122520e+02   0.0000000e+00
   2.6919720e+02   0.0000000e+00
   3.2171130e+02   0.0000000e+00
   1.6676640e+02   0.0000000e+00
   2.3489820e+02   0.0000000e+00
