   6.9081627e+00   2.3222996e+01
   5.9442644e-01   2.4252031e+01
   2.2672685e-01   2.3755215e+01
   3.8629798e-01   2.2635749e+01
   7.1219796e-01   2.0940304e+01
   7.7491634e-01   1.6948684e+01
   5.2554355e-01   2.0081044e+01
   4.9936113e+00   2.3325398e+01
   6.0549027e-01   2.0201103e+01
   7.2365160e-01   2.5817097e+01
   9.2148093e-02   1.8722861e+01
   7.0280690e-01   2.2064155e+01
   8.0264419e-01   2.1310866e+01
   4.7420570e-01   2.5961458e+01
   8.3057293e-01   2.3406075e+01
   8.0745720e-01   2.2786023e+01
   2.2928349e+00   2.9313708e+01
   8.6692190e-01   1.7915270e+01
   2.0395504e+00   2.3668224e+01
   5.5387589e-02   2.4820625e+01
   8.2404640e-02   2.8984815e+01
   3.3335779e-01   2.6605585e+01
   1.5624232e-02   2.2913867e+01
   5.3011326e-01   2.1550212e+01
   6.5740316e-01   2.3464909e+01
   2.0308530e+00   2.7880104e+01
   2.8883887e+00   2.3433005e+01
   6.8278722e-01   2.0324331e+01
   9.7261652e-01   2.1882015e+01
   6.5968891e-01   2.1941585e+01
   7.0077715e-01   2.8886337e+01
   2.8402432e-01   8.0555137e-01
   2.2917983e+00   2.7942723e+01
   9.5987832e-01   2.3964504e+01
   5.4637558e-01   2.0058360e+01
   1.8387951e+00   3.0263907e+01
   9.8761249e-01   2.7659342e+01
   8.3403845e-02   3.4559782e+01
   3.9554743e-01   9.4770843e+00
   2.8565611e+00   2.1761846e+01
   4.8729316e-01   2.5410019e+01
   4.3007178e-01   2.4028996e+01
   6.2558177e-01   2.2003959e+01
   4.7862517e+00   2.3323731e+01
   7.4278541e-01   2.0558860e+01
   1.3944717e-02   2.4528552e+01
   2.7566473e-01   1.8810297e+01
   4.0873611e-01   2.6389855e+01
   8.0098800e+00   2.6496448e+01
   3.1333333e-01   2.2988109e+01
   1.3335490e-01   2.6480437e+01
   3.2271427e-01   2.6623683e+01
   2.4999779e+00   2.4118285e+01
   8.0818810e-01   2.4623534e+01
   3.1099734e-01   2.0270915e+01
   5.4708144e+00   2.3960770e+01
   1.0178529e+00   2.5251027e+01
   7.9711753e-01   1.4818698e+01
   4.9702538e-01   9.5677925e+00
   5.0618320e-01   2.5609455e+01
   9.4573527e+00   2.7079766e+01
   7.7169059e-01   2.0129725e+01
   7.8046869e-03   2.3072794e+01
   2.2203693e+00   2.4070336e+01
   2.1314774e-01   3.3676406e+01
   8.3879151e-01   2.4242003e+01
   4.6423642e-01   2.3436800e+01
   4.8888991e-01   2.3766465e+01
   1.8432003e-01   2.2697410e+01
   1.1260732e+00   2.5448438e+01
   5.7843707e-02   2.6503606e+01
   9.5104927e-01   2.1364013e+01
   8.9759315e-01   3.2463332e+01
   5.2178229e-01   3.2400967e+01
   1.9706549e+00   2.2066308e+01
   1.0711077e-01   1.9935047e+01
   3.3067424e-02   3.1724352e+01
   1.3956107e+00   2.6845653e+01
   7.4140994e+00   2.6849055e+01
   7.6891233e-01   2.6933582e+01
   6.8807112e-01   2.2372199e+01
   4.2299047e+00   2.7429197e+01
   3.0225471e+00   2.8742153e+01
   4.3473288e-01   2.3119330e+01
   6.5199074e-01   2.1994293e+01
   1.8547583e+00   2.6950176e+01
   6.7030779e-01   2.4130390e+01
   2.9011062e+00   2.8334470e+01
   1.9202834e+00   2.6871825e+01
   3.5545756e+00   2.1403845e+01
   8.2233516e-02   2.3817148e+01
   5.4167053e-02   2.5936775e+01
   3.7812720e-01   2.5780857e+01
   4.3598652e+00   2.4673475e+01
   6.9305065e-01   2.0171346e+01
   1.9676176e-01   2.2305134e+01
   2.6362610e-01   2.1281480e+01
   2.0298418e+00   2.1647730e+01
   1.5101805e+00   2.4562018e+01
   6.7449102e-01   2.3265371e+01
   8.5665032e-01   2.6586403e+01
   3.0983233e-01   1.9975884e+01
   4.0190401e-01   2.2709136e+01
   8.0572702e-01   2.3025627e+01
   2.8002284e-01   2.0741066e+01
   1.5279814e-01   2.4158454e+01
   2.2330060e-01   3.1920922e+01
   1.4277530e+00   2.0129589e+01
   3.8799508e-01   2.6514579e+01
   8.9767121e+00   2.3428936e+01
   1.2773639e-01   1.6575236e+01
   1.9284693e+00   3.4401600e+01
   9.7604006e-02   2.3873794e+01
   9.6020268e-01   2.3458220e+01
   4.3523270e-01   2.0727029e+01
   5.2147926e-01   2.5401232e+01
   8.7254696e-01   2.0437060e+01
   2.3842653e-01   2.7759519e+01
   2.8863778e+00   2.7117341e+01
   4.7735478e-01   2.0078390e+01
   9.8542506e-01   2.1627252e+01
   4.8828187e-01   3.2703293e+01
   8.9368776e-01   2.1506151e+01
   2.1444758e+00   2.1452225e+01
   6.5635025e-01   2.7160014e+01
   1.5162300e-01   2.6456989e+01
   4.2402301e-01   1.9588785e+01
   3.1854509e-01   2.4493704e+01
   9.7562608e-01   1.9410527e+01
   3.6324596e+00   2.9282099e+01
   5.3749154e-01   2.7305688e+01
   3.5766727e+00   3.1811183e+01
   6.5008542e-01   2.6262283e+01
   3.0712207e-01   2.2433931e+01
   1.2445454e-01   3.1987123e+01
   7.6817646e-01   2.3443631e+01
   6.8487022e-01   2.2023227e+01
   2.8013939e-01   1.5127172e+01
   3.3599209e-01   2.4565125e+01
   9.5433859e-01   3.0604417e+01
   9.3561821e-01   2.3572805e+01
   8.2122922e-01   1.9651372e+01
   3.1495725e+00   2.7173089e+01
   4.2594876e-01   2.3394701e+01
   5.4171994e-01   2.4038255e+01
   7.6871962e-01   1.9610085e+01
   2.7728315e+00   2.9473800e+01
   2.2214932e-01   2.0147281e+01
   6.8572778e-01   2.4811260e+01
   8.3443758e-01   2.0819433e+01
   6.4838981e-01   2.2433238e+01
   5.2731203e-01   2.8639985e+01
   6.3530104e-01   3.4949328e+01
   4.3535993e-01   2.8382635e+01
   5.7312486e-02   2.6530159e+01
   2.3260517e+00   2.0164455e+01
   4.2098512e+00   2.2518542e+01
   2.1625041e-01   2.2088494e+01
   7.2720852e-01   2.5530396e+01
   5.7795815e+00   2.4982806e+01
   1.5556544e-01   2.5567050e+01
   2.5180086e+00   2.9806879e+01
   5.6838214e-01   2.2262508e+01
   3.9720309e-01   2.9780738e+01
   4.9697135e-01   2.0599227e+01
   5.8579253e-01   2.7980132e+01
   5.8984454e-01   2.0301679e+01
   9.1645480e-01   2.6931816e+01
   6.3243619e-01   2.1141774e+01
   3.4675356e+00   1.9495924e+01
   1.3958417e+00   1.3136924e+01
   7.9488759e-01   2.3253649e+01
   7.0162119e-01   2.5397379e+01
   5.3740333e+00   2.3856556e+01
   3.2131628e+00   2.5544506e+01
   6.2541443e-01   2.0331979e+01
   7.0412659e-01   2.1326032e+01
   8.4056467e-01   2.7125149e+01
   9.7195049e-01   3.5773326e+01
   1.6696020e+00   1.7277465e+01
   1.5928313e+00   2.4573766e+01
   1.2532290e-01   2.4490706e+01
   8.0386411e-01   2.4179777e+01
   2.6752859e-02   1.8178090e+01
   2.6595229e-01   6.5621956e-01
   1.8077553e+00   2.6691450e+01
   3.8902955e-02   2.6152603e+01
   1.9133212e+00   2.8247673e+01
   7.1939428e-01   2.2921597e+01
   1.9965882e-01   1.9538623e+01
   9.0813597e-02   2.1885052e+01
   5.1959042e-01   6.9101027e-01
   2.2229319e-01   2.3595586e+01
   2.0559028e-01   1.7239060e+01
   2.1531757e-01   2.5203154e+01
   9.4046169e-01   2.3266094e+01
   8.5433749e-01   2.7263756e+01
   4.7463731e-01   2.8548946e+01
   9.9642223e-01   2.4143684e+01
   3.6760472e+00   2.1119913e+01
   7.6034991e-01   2.8965995e+01
   3.7305378e+00   2.5365876e+01
   2.0654400e+00   1.9337924e+01
   3.5004266e-01   1.6603213e+01
   6.5708878e-01   2.3660493e+01
   4.2844251e+00   2.7536200e+01
   9.4387888e-01   2.1374028e+01
   6.6869037e-01   2.9362817e+01
   2.6506557e-01   2.2921348e+01
   5.6434629e-01   2.6829604e+01
   2.1744200e+00   2.3389187e+01
   5.8795996e+00   2.8480172e+01
   1.8645108e-01   2.0781657e+01
   4.3625045e-01   2.7540783e+01
   2.7193835e-01   3.1323124e+01
   7.8107608e-01   2.2507106e+01
   1.7615433e+00   3.7836490e+01
   2.5561058e-02   2.9411178e+01
   1.1435576e+00   2.7104513e+01
   3.8445930e-02   2.0198888e+01
   7.7288792e-01   5.9681252e-02
   6.5846465e-02   2.0701237e+01
   1.4363592e+00   2.4865093e+01
   1.9342002e-01   4.2668823e+00
   6.1902497e-01   2.2507174e+01
   9.1464254e-01   1.7152796e+01
   8.5750603e-01   2.3931740e+01
   3.2082306e-01   2.1239705e+01
   2.2271706e+00   2.2695151e+01
   7.6035742e-02   2.2179057e+01
   1.7600384e+01   2.4568906e+01
   3.1711525e-01   2.0762762e+01
   7.3241611e-01   3.1300681e+01
   3.3925309e-01   2.4940409e+01
   1.0037449e-01   2.9311791e+01
   2.6254639e+00   2.2642690e+01
   5.5715954e-02   2.2417382e+01
   1.5533650e-01   2.0821681e+01
   2.5330933e+00   2.2481045e+01
   1.0003764e-01   1.6909197e+01
   4.9019890e-01   2.3836964e+01
   1.4902231e+00   2.4077901e+01
   4.6629565e-01   2.2294730e+01
   6.8147453e-01   2.2298290e+01
   9.3652475e-01   2.7295640e+01
   1.1209836e+00   2.7369627e+01
   4.5297507e-01   2.3589748e+01
   4.1070063e+00   2.6280911e+01
   5.2668089e-01   2.8758859e+01
   1.8748228e-01   2.6855281e+01
   3.6007340e-01   3.0093970e+01
   2.2185528e-01   2.3560437e+01
   1.3564522e-01   2.6538264e+01
   6.8737110e-01   3.1060628e+01
   1.4037467e-01   2.3876046e+01
   1.9534754e-01   2.0050503e+01
   6.7643080e-01   2.2115071e+01
   1.4025111e+00   2.1195960e+01
   2.0468197e+00   2.6265437e+01
   1.6887662e-01   3.3238418e+01
   1.9210369e-01   2.0256640e+01
   6.4717405e-01   4.6962521e+01
   3.7534456e+00   1.9684124e+01
   5.7918827e-01   2.7354945e+01
   7.0503877e-01   1.9947724e+01
   2.0018922e+00   2.1372347e+01
   6.6792290e-01   2.0823652e+01
   9.3955292e-01   2.9567624e+01
   1.2849664e+00   1.9535233e+01
   2.3486167e-01   3.0031505e+01
   1.2484387e+00   2.1378533e+01
   4.9988364e-03   2.4622604e+01
   4.4819469e+00   2.3204424e+01
   2.0741103e+00   2.5763750e+01
   1.1871016e+00   2.5555786e+01
   8.7895957e-02   2.8073747e+01
   2.8127506e-01   2.3633352e+01
   1.4698856e+00   2.4025795e+01
   4.1315529e-01   1.9428737e+01
   1.2970684e-02   2.9706822e+01
   1.1683121e+01   2.4667422e+01
   8.9430853e-01   2.2291110e+01
   1.8072329e-01   2.3331986e+01
   8.6981858e-01   2.5872150e+01
   3.1160561e+00   2.3560683e+01
   9.0245781e-01   2.7085014e+01
   1.2471399e+01   2.8817746e+01
   5.2380142e+00   2.2686948e+01
   4.4806395e-01   2.4621303e+01
   7.8270252e-01   2.1207749e+01
   7.2806216e-01   2.1249659e+01
   5.0975165e-01   2.3245077e+01
   1.7179767e+00   2.1652538e+01
   8.9463888e-01   2.2076263e+01
   2.0487198e-01   2.3505592e+01
   6.4290746e-01   2.0661810e+01
   3.8050717e-01   3.2928101e+01
   2.1856746e-01   2.5487480e+01
   1.7718534e+00   2.6309900e+01
   1.4424425e+00   2.7368352e+01
   1.4352300e+01   2.3922622e+01
   4.6663330e+00   2.4731882e+01
   4.7561066e+00   3.1448414e+01
   7.8474706e-01   2.5167610e+01
   4.4706216e-01   2.4116807e+01
   2.7869293e+00   2.4942945e+01
   1.6626923e-01   1.6005554e+01
   9.8549399e+00   2.7368523e+01
   5.0335039e+00   2.6855028e+01
   1.5715158e+00   2.5767548e+01
   6.4444535e+00   3.0521493e+01
   4.3485248e-01   2.4085769e+01
   6.1840528e-01   2.4684634e+01
   5.6013008e-02   1.7090696e+01
   5.0272853e-01   1.8876012e+01
   9.6230008e-01   1.6064093e+01
   7.5944863e-01   2.1128666e+01
   2.5035946e+00   2.4880135e+01
   9.9119496e-01   1.6095273e+01
   1.8162809e-01   2.4042528e+01
   2.5833954e-01   1.9738636e+01
   4.1947059e+00   2.7385429e+01
   6.6081018e-01   1.5144009e+01
   5.0635209e-01   2.7530214e+01
   1.0762969e-01   2.2977919e+01
   3.6224495e-01   2.1979160e+01
   3.5655131e-01   2.1955398e+01
   4.9555086e+00   2.5171832e+01
   1.4356340e-01   2.5378422e+01
   2.6067331e-01   2.9347899e+00
   8.6454319e-01   3.1359589e+01
   5.2876986e-01   2.3446938e+01
   1.3636958e-01   2.1984607e+01
   2.6979091e-01   2.3040602e+01
   4.1274055e-01   2.4036698e+01
   8.3489345e-01   2.0183077e+01
   8.8170765e-01   2.2948105e+01
   3.3881536e+00   2.3644914e+01
   6.8893692e-01   2.2815204e+01
   5.6571698e-01   1.8998267e+01
   6.5998859e-02   3.3910933e+01
   2.3268005e+00   1.8127530e+01
   5.6167302e+00   2.3950577e+01
   4.1607859e-01   2.0924452e+01
   1.2596533e+01   2.4520920e+01
   9.5208974e-01   2.3118001e+01
   6.2057368e-01   1.4029371e+00
   8.5393882e-01   2.4703356e+01
   9.8280626e-01   2.4667311e+01
   1.5605533e-01   2.0938464e+01
   2.8464043e-01   2.4290935e+01
   4.4590695e-01   2.5875705e+01
   3.7714866e+00   2.2736493e+01
   2.0157025e-01   2.7671734e+01
   6.5715343e-01   2.2186718e+01
   7.1333000e-01   2.2136816e+01
   8.4748102e-01   2.2122891e+01
   4.0386667e-01   2.9894909e+01
   7.6187483e-01   2.3628557e+01
   5.1502903e-01   2.4498286e+01
   8.7847490e-01   1.2439673e+01
   4.9801663e-01   2.8423480e+01
   9.4636397e-01   2.1537150e+01
   1.1784311e+00   2.6161996e+01
   4.9588513e-01   2.4747256e+01
   9.6564228e-01   2.7909808e+01
   5.6776963e-01   2.6300314e+01
   4.7828589e+00   2.4177447e+01
   1.9311616e-01   1.6143383e+01
   6.5565938e-01   2.1634039e+01
   7.6720064e-01   2.2573826e+01
   1.5131786e-01   1.7599347e+01
   3.7292128e+00   2.4906590e+01
   8.0133014e-01   2.9720142e+01
   6.9017406e-01   2.6219772e+01
   7.8329210e-01   2.4438611e+01
   1.5795246e+00   2.6398290e+01
   2.2684915e-01   3.0720051e+01
   1.5736820e-01   2.7109989e+01
   4.3088426e-02   2.2056817e+01
   5.4334006e-01   2.0559941e+01
   7.7725218e-01   2.1271225e+01
   1.6237265e+01   2.5483274e+01
   5.1618371e-01   3.0537564e+01
   2.0070716e+00   2.4594115e+01
   3.5525707e-01   2.5537542e+01
   6.4055815e-01   2.5387462e+01
   6.9492047e+00   2.6692773e+01
   1.8473948e+00   2.3408566e+01
   3.2401768e-01   2.4475964e+01
   5.2568865e-01   3.0809786e+01
   2.5523076e-01   2.3647437e+01
   4.4852519e+00   2.3487177e+01
   6.7107604e-01   2.7009253e+01
   3.5896783e+00   2.2157776e+01
   3.9247192e+00   2.6462905e+01
   6.7169875e-01   2.2844449e+01
   2.1582034e-01   2.0451126e+01
   1.7539014e-01   2.5922745e+01
   4.8160914e-01   2.1343347e+01
   2.8102162e+00   2.8133289e+01
   7.4250489e-01   1.3744196e+01
   4.9265158e+00   2.3630800e+01
   6.3724426e-01   1.8324099e+01
   1.0069047e-01   1.7598166e+01
   2.0591881e-02   2.7514844e+01
   5.5321940e-01   2.2802308e+01
   1.0621441e-01   3.0393503e+01
   4.9229916e-01   2.4549196e+01
   4.9787632e-01   2.2875371e+01
   5.6004805e-01   1.7462494e+01
   3.5316573e-01   1.9019708e+01
   3.3075024e+00   2.3335153e+01
   1.2504297e+00   2.8416923e+01
   5.2577281e+00   2.5985228e+01
   1.0679452e+00   2.4516962e+01
   8.2362884e-02   1.9569081e+01
   8.2258071e-01   1.6792958e+01
   1.9959215e-01   2.4363332e+01
   6.9053269e-01   2.2816500e+01
   1.2074388e-01   1.9929921e+01
   2.7821372e-01   1.8218623e+01
   3.2502734e-01   2.2848182e+01
   6.8114323e-01   2.3571557e+01
   4.0373732e+00   2.2095242e+01
   2.3842689e-01   3.2824522e+01
   8.1293176e-01   2.3109240e+01
   2.0961038e-01   2.7768746e+01
   1.0111864e+01   2.4185386e+01
   6.9210188e-01   2.9288928e+01
   6.7742768e-01   2.5413028e+01
   5.4866388e-01   1.9119276e+01
   4.2026648e+00   2.2028125e+01
   9.5665839e-01   2.3380246e+01
   5.9290306e-01   2.2508922e+01
   7.2590407e+00   2.7368926e+01
   2.3545860e+00   2.3724939e+01
   9.5827384e-01   2.0826489e+01
   3.9024759e+00   2.3178300e+01
   3.4782198e+00   2.2113987e+01
   2.1366917e-02   2.1789305e+01
   3.7691635e-01   2.5367226e+01
   2.4893903e+00   2.4096134e+01
   3.6817561e+00   2.6631641e+01
   4.3011352e-01   1.8847968e+01
   2.8708183e-01   1.7419891e+01
   1.5805090e+00   2.1719922e+01
   6.4180977e-01   2.3579253e+01
   9.0200226e-01   1.9897237e+01
   3.8032453e+00   2.4932853e+01
   4.0218402e-01   1.9948104e+01
   4.2049639e-01   2.5928131e+01
   7.8256188e-01   2.1751790e+01
   1.0344798e+00   2.4861669e+01
   4.2791531e-01   1.9642049e+01
   3.7207760e-01   3.7350877e+01
   1.9970434e-01   2.5617552e+01
   8.9052559e-01   2.5682547e+01
   4.8201737e+00   2.2450651e+01
   9.2350322e-01   2.3392318e+01
   1.4333803e+00   2.7694517e+01
   6.3995899e-01   2.0365115e+01
   9.1655093e-02   2.6733322e+01
   3.4471600e+00   2.3417337e+01
   1.7940735e+00   2.8338853e+01
   2.7203844e+00   2.5357210e+01
   9.8432250e-01   1.8317594e+01
   8.5818990e-01   2.2068407e+01
   9.0924740e-01   1.7874010e+00
   1.0341939e-01   3.3651130e+01
   4.2335232e+00   1.8887661e+01
   7.9955961e-01   2.3165018e+01
   1.8633951e-01   2.4800708e+01
   1.0927011e+01   2.7763836e+01
   4.4907221e-01   2.3277171e+01
   7.3609429e-01   2.9984894e+01
   3.0294283e+00   2.3918280e+01
   1.0991714e+01   2.5133470e+01
   6.3956895e+00   3.0313976e+01
   1.0323390e-01   2.2719807e-01
   6.8187611e-01   2.6752978e+01
   2.5202385e-01   2.0170565e+01
   4.1442759e-01   2.5207582e+01
   4.9613959e-01   2.8673302e+01
   4.1726232e-01   2.2569663e+01
   2.5053564e+00   2.0078642e+01
   6.0921758e-01   2.1338768e+01
   6.3868582e+00   2.3869096e+01
   7.7452669e-03   1.9919804e+01
   2.1249564e-01   2.4140085e+01
   3.1619572e+00   2.0250729e+01
   6.0319638e-01   2.5275975e+01
   3.8048024e-01   8.6250869e+00
   6.7554449e-01   2.5507533e+01
   2.3317998e-01   2.3368440e+01
   8.4211578e-01   1.6844406e+01
   3.6328695e-01   2.5046365e+01
   1.0708491e-01   2.3952533e+01
   1.5974117e-01   2.3960644e+01
   5.5563652e-01   2.7761412e+01
   3.6469469e+00   1.9112818e+01
   7.2201195e-01   2.1920655e+01
   1.8802223e+00   2.1525279e+01
   2.5448251e-01   1.7511967e+01
   8.0929128e-01   2.4196648e+01
   5.1925509e-01   2.0861626e+01
   1.0464922e+00   2.0103941e+01
   1.4679566e+01   2.9837134e+01
   8.0123603e-01   2.0785616e+01
   7.0763176e-01   1.9780885e+01
   5.1535669e-01   1.6067249e+01
   1.7248032e+00   2.1677100e+01
   4.8613389e+00   2.1299725e+01
   2.8494028e+00   2.2269624e+01
   1.5335937e+00   2.7867078e+01
   2.7929668e+00   2.7357455e+01
   1.7379239e+00   3.4055617e+01
   2.7149108e-01   2.3180851e+01
   7.6044307e-01   2.2298026e+01
   2.3563169e-01   2.4298517e+01
   4.0592248e-02   2.1039400e+01
   8.4419061e-01   2.0997792e+01
   9.1562198e-01   1.9475619e+01
   4.8237057e+00   2.7668367e+01
   7.0040583e-01   3.0136079e+01
   4.9253910e-01   2.9991730e+01
   2.2174891e-01   1.8709217e+01
   9.6723253e-01   2.1548250e+01
   9.4788484e-01   2.0717323e+01
   9.5473841e-01   7.5803332e+00
   5.2077481e-01   2.2653475e+01
   8.8697308e-01   2.2055959e+01
   9.1729841e-01   3.1273655e+01
   9.1381401e-01   3.1680596e+01
   8.1165259e-01   2.2440546e+01
   2.8475818e-01   2.2219117e+01
   1.8434569e-01   1.8622622e+01
   1.9679145e+00   2.0112372e+01
   4.4259764e-01   1.8231292e+01
   1.5086318e-01   2.5450991e+01
   2.0937658e-01   2.5283395e+01
   8.1851049e+00   2.5267024e+01
   3.2777469e-01   2.3637014e+01
   4.1380841e+00   2.1198239e+01
   3.2119894e+00   2.4385673e+01
   1.8048527e+00   2.9927762e+01
   2.0185434e+00   2.2887246e+01
   7.0927249e-03   2.4345258e+01
   5.9914930e-01   2.4959392e+01
   9.7215203e-01   2.4326367e+01
   5.0576179e-01   2.3033617e+01
   3.3524626e+00   2.6144940e+01
   3.2377849e-01   2.4757079e+01
   6.8001417e+00   2.6567652e+01
   3.3605668e+00   2.5980494e+01
   7.4926563e-01   2.0323471e+01
   6.0007625e-01   2.3556393e+01
   2.6771613e-01   2.4962225e+01
   9.8274088e-01   2.2070179e+01
   9.8809227e-01   2.2941940e+01
   1.4019885e+00   2.4354587e+01
   6.5769773e-01   2.6924223e+01
   2.9549028e+00   3.1527396e+01
   1.7061642e-01   2.1856536e+01
   5.6548502e-01   1.9628347e+01
   8.6303812e-01   2.5290954e+01
   8.3475247e-01   2.1689556e+01
   2.4679151e-01   2.0940742e+01
   7.0290054e+00   2.2083020e+01
   1.3227270e+00   2.4403354e+01
   8.5597068e-01   2.1034660e+01
   9.5485158e-01   2.4287418e+01
   4.5688346e+00   2.6366073e+01
   6.9369071e+00   2.3335293e+01
   4.0188655e+00   2.6787956e+01
   4.1461621e-03   1.9913404e+01
   4.0841787e-01   2.6691101e+01
   9.7996508e-01   1.6272409e+01
   7.2387173e-01   1.7454728e+01
   4.0703205e+00   2.4494318e+01
   3.9826014e+00   2.1912260e+01
   2.2169298e-01   2.5529556e+01
   6.6127884e-01   2.4028138e+01
   9.0000701e-01   2.3285632e+01
   1.0616638e+01   2.6298259e+01
   1.9190243e-02   1.8354594e+01
   7.6736962e-01   2.4727722e+01
   1.2060388e+00   1.9283233e+01
   6.4757842e-01   2.3993567e+01
   8.1317162e-01   2.2934289e+01
   1.4282310e+01   2.5223171e+01
   6.9538061e-01   2.9189737e+01
   2.2602305e+00   2.1605808e+01
   1.1705501e-01   1.8655134e+01
   4.4893315e+00   2.2841943e+01
   4.0381027e+00   2.8416970e+01
   2.8153813e-01   2.2779616e+01
   3.7216414e-01   2.9015458e+01
   8.6599437e+00   2.5825782e+01
   9.8859393e-01   2.7265072e+01
   5.3737771e-01   1.9653827e+01
   9.4856669e-01   1.9154294e+01
   5.1802954e-01   2.6935032e+01
   7.3170197e+00   2.5301519e+01
   8.5652550e-02   2.9391246e+01
   1.0956820e+01   2.4903050e+01
   3.1988710e-01   2.1094039e+01
   1.2408357e-01   1.6062252e+01
   1.5750351e-01   2.4560127e+01
   8.3714204e-01   2.3211133e+01
   9.8028441e-01   2.4024187e+01
   8.5591995e-01   2.2536752e+01
   4.8345187e-01   2.6476487e+01
   1.9987793e+00   2.0062234e+01
   1.5123873e+01   2.1064133e+01
   9.8105348e-02   2.4971781e+01
   3.9597726e-01   2.0720198e+01
   2.9937195e-01   2.6265422e+01
   6.9129231e+00   2.7561240e+01
   8.0584489e-02   2.2779900e+01
   8.3014491e-01   1.1795336e+00
   8.6113123e-01   2.2121442e+01
   1.4707966e+00   2.3100488e+01
   5.7500477e-02   1.8309999e+01
   2.6256420e-02   2.3780758e+01
   3.3673523e+00   3.1529774e+01
   8.4964387e-01   2.0341478e+01
   9.4234592e-01   2.4068383e+01
   7.9803173e-01   3.2320367e+01
   1.4746109e-01   2.1838076e+01
   5.6363012e-01   2.5474432e+01
   1.3031592e+00   2.4925670e+01
   7.2503709e-01   2.1583049e+01
   2.4227159e-01   2.1985730e+01
   8.4790707e-01   2.3611388e+01
   7.3957900e-01   2.5357716e+01
   5.4098652e-01   2.2424249e+01
   9.6576896e+00   2.4568174e+01
   2.0309079e-01   2.4424976e+01
   4.3300406e+00   2.4791854e+01
   5.2073027e-01   2.0395597e+01
   9.6953748e-01   3.3076331e+01
   2.8441357e+00   2.2111244e+01
   1.2865034e+01   2.7258406e+01
   6.2988623e-01   2.5910470e+01
   9.4208103e-01   2.1912050e+01
   4.0473074e-01   2.2579064e+01
   5.0687892e-01   2.7163491e+01
   1.9503279e+00   2.3228343e+01
   5.5570925e-02   2.4532057e+01
   3.2035678e+00   2.3013842e+01
   4.8624229e-01   2.7094831e+01
   2.7905592e-01   2.7909610e+01
   1.4110492e+01   2.4544501e+01
   1.6711634e-01   2.1321166e+01
   4.3005102e+00   2.7727027e+01
   1.1814585e-01   2.3720919e+01
   2.7038592e-01   2.6060501e+01
   2.1438525e-01   2.7147025e+01
   7.6504004e-02   2.2699843e+01
   3.6192475e-01   2.9958532e+01
   9.9481951e-01   2.0853238e+01
   4.9142152e-01   2.1939562e+01
   2.4816966e+00   2.5386132e+01
   3.9079590e+00   2.8050993e+01
   6.0966332e+00   2.5699371e+01
   9.2387176e-01   2.4789510e+01
   1.5807646e+00   2.4356983e+01
   9.6871453e-01   2.1922780e+01
   3.2232280e+00   2.6377279e+01
   3.5026471e-01   2.2058116e+01
   5.2523511e-02   2.1438772e+01
   4.3769410e-01   2.2951732e+01
   8.8019170e-01   2.7348184e+01
   3.3440222e+00   2.5608387e+01
   6.9829069e-01   2.2757147e+01
   5.1648514e+00   2.4562733e+01
   3.9614299e-01   2.4349015e+01
   4.6380214e-01   3.4844210e+01
   2.7941684e+00   2.1928193e+01
   7.5492688e-01   1.5495355e+01
   3.5164139e-01   2.9668134e+01
   5.5722116e-01   2.2348702e+01
   6.7532917e-01   2.3784116e+01
   5.9446922e-01   2.2591807e+01
   6.8293997e-01   2.0149637e+01
   2.8717844e+00   2.2777875e+01
   5.3552579e-01   2.0393697e+01
   9.2485000e-01   3.0917735e+01
   8.8062939e+00   2.4468436e+01
   3.3154435e-01   1.8825850e+01
   3.8350017e+00   2.6454224e+01
   5.1074098e+00   2.4134026e+01
   8.2140053e-01   2.3419750e+01
   2.3022068e+00   2.2196075e+01
   4.6325596e-01   1.7723176e+01
   2.2794475e-01   2.1472463e+01
   4.7931174e-01   2.2013614e+01
   8.5915562e-01   2.1563283e+01
   7.8137282e-01   1.8707575e+01
   2.2572846e-01   1.7843042e+01
   7.4854894e-01   2.9859240e+01
   1.0518636e+01   2.4461406e+01
   3.5281790e-01   2.3009084e+01
   8.5952967e-01   2.3070981e+01
   3.3746392e+00   2.5616932e+01
   3.8843291e-01   3.1474997e+01
   4.1984044e-01   2.3140683e+01
   2.0019308e+00   2.5235529e+01
   9.3421531e-01   2.2238808e+01
   6.1829830e-01   2.1663517e+01
   6.2736846e-01   3.3319777e+01
   1.3204205e+00   2.1351895e+01
   2.8872912e-01   2.1219794e+01
   8.1466573e-01   2.5527562e+01
   2.5639186e-01   2.9224578e+01
   1.7581986e+00   2.9295121e+01
   6.1444370e-01   2.4646466e+01
   3.7282071e-01   2.3523002e+01
   4.2202210e+00   2.3167612e+01
   1.2766376e+00   2.2129056e+01
   6.8132191e-01   2.0515038e+01
   6.0541017e+00   2.5801245e+01
   1.8257061e+00   2.3594236e+01
   7.9109259e-01   2.2194482e+01
   9.1399429e-01   2.5087139e+01
   3.0923057e-01   1.9247605e+01
   2.2846093e+00   2.4516263e+01
   3.6746283e-01   2.7190020e+01
   2.8602733e-01   2.3562050e+01
   1.8591600e-01   3.2006784e+01
   9.4288961e-01   3.5104298e+01
   4.8192336e-01   2.4790820e+01
   4.7102548e+00   1.7750200e+01
   6.9302231e+00   2.2214235e+01
   4.1575748e-01   2.3036475e+01
   1.7958244e-01   2.5654302e+01
   8.1395596e-01   1.9349337e+01
   8.5044244e-01   1.9562802e+01
   9.7183466e-02   2.2874592e+01
   3.6802609e-01   2.0646345e-01
   6.2110453e-01   1.9639147e+01
   1.3190507e-01   2.9591367e+01
   2.3363253e+00   2.6635334e+01
   6.1648022e-01   2.2724006e+01
   8.6389000e-01   2.3137881e+01
   1.5943245e+00   2.3739862e+01
   1.6034978e-01   1.0129355e-01
   3.6935369e-01   2.4231920e+01
   3.8092903e-02   3.5909585e+01
   2.2354179e-01   2.2091482e+01
   2.6774067e-01   2.0404910e+01
   2.4344250e-01   2.5582724e+01
   5.0843118e-01   2.0250531e+01
   1.3128214e-01   2.0660504e+01
   4.0233597e-01   3.0658924e+01
   5.1080762e-02   1.8045614e+01
   6.6839156e-01   2.3768820e+01
   5.8282182e+00   2.7087207e+01
   7.4307695e-01   2.2772315e+01
   5.4395071e-01   2.0570291e+01
   3.4198777e-01   2.1023386e+01
   2.1034037e+00   2.4996977e+01
   4.9858938e+00   3.0998443e+01
   4.5222805e-01   2.3405347e+01
   1.4610491e+00   2.2154257e+01
   4.1721941e+00   2.6416640e+01
   2.4158480e+00   2.6737591e+01
   4.0932284e-01   2.7528323e+01
   9.4472810e-01   2.0048184e+01
   8.8673165e-01   1.7380646e+01
   5.8874925e-01   2.2152851e+01
   1.4071163e+00   2.3152880e+01
   5.3897771e-01   2.4944425e+01
   1.9887919e+00   2.2553876e+01
   1.2755827e-01   2.3209021e+01
   2.5700918e-01   2.2136088e+01
   1.5565410e+00   1.7580913e+01
   3.7071688e+00   2.4679509e+01
   2.8150387e-01   2.5442866e+01
   1.5551896e-01   2.5886663e+01
   1.8278797e+00   2.8289739e+01
   9.6765732e-02   2.8030462e+01
   9.5090631e-01   2.3462455e+01
   3.8941762e-01   2.5605800e+01
   5.1370974e+00   2.1842319e+01
   4.5637099e-01   2.1621545e+01
   9.4468750e-01   2.9579931e+01
   7.3068153e-01   1.9879464e+01
   5.8117171e+00   2.3313970e+01
   3.4998955e+00   2.5296128e+01
   2.0853314e-01   1.8355579e+01
   6.0441089e+00   2.2398175e+01
   6.5898340e-01   2.4803859e+01
   6.2198644e-01   2.8139871e+01
   3.8011281e-01   2.2348155e+01
   6.9558874e-01   2.1211067e+01
   1.1325552e-01   1.9043791e+01
   2.6427740e-02   2.1366163e+01
   9.9229330e-01   1.4054835e+01
   5.5364323e-02   1.8776361e+01
   1.4006683e-02   1.2433420e+01
   5.3395418e-01   3.2379337e+01
   3.4344457e-01   1.4295265e+01
   1.9770677e-01   2.4821049e+01
   4.3715362e-02   1.8205243e+01
   2.6267781e+00   2.5654464e+01
   2.6895595e-01   1.9231559e+01
   8.0691436e-02   2.1975591e+01
