   7.5293444e-01  -9.5512786e-01
   3.0096542e-01  -1.7552075e+00
   3.3092711e-01   9.8236983e-01
   3.4700532e-01  -1.9359105e-01
   5.4862908e-02   2.4436779e-01
   6.6657298e-02   9.1831039e-02
   4.0654714e-01   1.1502743e+00
  -1.6211546e-01  -1.4040580e+00
  -8.7370927e-01   3.9044751e-01
  -1.4756714e+00   5.1369523e-01
  -8.9385342e-01   6.6257773e-01
  -6.5142915e-01  -3.1200535e-01
  -1.1715462e+00   6.1433505e-01
  -1.0155359e+00   1.2502114e+00
  -2.3225605e-01   4.7137235e-01
   4.7206487e-01  -1.0849063e+00
   1.4915013e+00   7.6285836e-02
   1.7987681e+00  -6.6967795e-02
  -1.6651168e-01   6.1620686e-01
   4.9504825e-01  -1.3892690e+00
  -4.4350970e-01   7.6596547e-02
  -3.0485761e-01   4.8348333e-02
   1.9959220e-01   4.0722022e-01
  -5.6493619e-01  -2.4394976e+00
  -7.9430538e-01  -8.3050404e-01
   3.6383568e-01  -1.5772238e-01
  -6.2710632e-01   1.3527935e+00
  -3.5425315e-01  -6.3922047e-01
  -7.1401261e-01  -3.1102972e-01
   5.3824329e-01   8.9246847e-01
   8.6692259e-01  -3.1298127e-01
  -1.1176185e-01  -2.2840169e+00
   2.3894505e-01   5.5298398e-01
  -3.2845182e-02  -1.0046998e+00
  -5.2966876e-01   7.5664159e-01
   4.5550563e-01  -2.0243734e-01
  -1.4090566e+00   1.5646777e-01
  -2.3055714e+00  -1.4629072e+00
   9.2192245e-01  -3.1135490e-01
   4.4145969e-01   8.3225485e-01
   1.2018304e-01  -1.2328031e+00
  -1.1987099e-01  -2.4275289e+00
  -1.2686995e+00  -9.0126900e-01
   6.3694196e-01   1.2876318e+00
   4.8805649e-01   3.3846312e-01
   1.7228859e+00  -3.4207408e-01
  -2.2780251e-01  -9.4539588e-01
  -1.2826792e+00  -4.1396125e-01
   2.6019492e+00   5.5442850e-01
  -4.8038168e-02   8.5614615e-01
  -3.4085095e-02   3.2308343e-01
  -8.3532492e-01  -2.5619532e-01
   2.9586545e+00  -2.1288377e-01
   1.3389990e+00  -5.6130586e-01
   4.3293782e-01   8.9848237e-01
   9.7536685e-01   1.9408184e+00
   4.4077677e-01   9.8689729e-01
  -2.7223593e-01  -4.1835301e-01
  -1.6330450e+00  -1.2022490e+00
   4.4898553e-01   1.8375899e+00
   1.4090566e+00   1.0521755e-01
   4.9154937e-01  -8.7325557e-01
  -9.9805054e-01   1.2288385e+00
  -1.6845386e+00   2.2756843e+00
  -5.4362250e-01  -1.3629186e+00
  -5.2504047e-01   1.1430998e+00
   6.3552679e-02  -7.5458079e-01
  -1.5552698e-01  -5.3038181e-01
   1.0396989e+00  -7.7617313e-01
   2.9126091e+00   5.5081936e-01
  -1.0006027e+00   4.6825876e-01
   4.6376935e-01  -6.6489460e-01
  -6.6257773e-01   6.9416492e-01
   1.1195990e+00   1.1833190e+00
   1.0397153e-01  -4.3736523e-01
  -2.6164153e-01   5.1652529e-01
   2.2398878e-01  -3.4085095e-02
   3.9479767e-01   1.6643995e+00
  -3.3813507e-01  -2.4158981e+00
  -9.1295615e-01   1.6009825e+00
   3.5854469e-01  -3.9355329e-02
   5.5334500e-01  -2.7576096e-02
  -5.1475602e-01  -5.0558158e-01
   4.2241411e-01   6.4989778e-01
   2.5651547e-01  -1.0338659e+00
  -1.7374106e-01  -8.9524009e-01
   3.8911049e-01   1.1666374e+00
   2.4724154e-01  -1.7940516e-01
   8.0496831e-01  -2.0890030e+00
   1.6808253e-01  -1.3158219e+00
   3.8115181e-02  -1.5715503e+00
  -1.1413153e+00   3.4108883e-01
   2.8899288e-01   1.5662469e+00
   2.1231511e+00   2.9157797e-01
   1.3344570e+00   1.0359829e+00
   1.3642620e-01   1.1532813e+00
   1.4115691e+00   3.1753952e-01
   4.9434799e-01  -2.7673971e-01
  -1.4925852e-01  -1.4647161e+00
  -1.8114071e+00  -1.5213697e+00
   1.4073865e+00  -3.7495129e-02
   1.8940918e+00   2.0591697e-01
  -2.5587519e-01   1.1684749e+00
  -7.0842719e-01  -9.5708513e-01
  -2.8705533e-01   4.9785173e-01
  -1.9307316e+00  -1.1207594e+00
   4.9259840e-01  -1.8309259e+00
  -9.3959944e-01   1.7270004e+00
   4.2783979e-01  -1.1703163e+00
  -2.9319464e-01   5.2610753e-01
   2.6324482e-01   8.2812359e-02
  -1.3321988e-02   5.6566315e-01
  -9.6051921e-01  -1.3236220e-01
  -5.6104035e-02  -1.3412804e+00
   2.8640972e-01   2.6206908e+00
  -1.1660258e+00   2.5843694e-01
   5.3145189e-01   9.7586547e-01
  -1.1593266e+00   2.1762176e+00
  -1.9990824e-01   3.8010362e-01
  -1.6413287e+00  -2.9028518e-01
  -2.6549058e-01   1.1092228e+00
  -7.9643071e-01   8.1875196e-01
  -1.7242542e+00  -3.0355971e-01
  -1.0710591e+00  -1.4701717e+00
  -3.6218116e-01  -1.3558941e+00
   2.4947810e-01  -9.3623272e-01
  -1.2869223e+00   1.8243422e+00
  -2.8092682e-01  -3.9949083e-01
  -2.6870113e-01  -1.5363226e+00
   3.7977063e-01   6.1920625e-01
   8.2831911e-01  -2.9093152e-01
   1.1318590e+00   1.1933618e+00
  -7.6242904e-01   7.4309887e-01
   1.7091111e-01   7.9643071e-01
  -6.9771716e-01   7.2247252e-02
   9.3815526e-01   2.0908244e-01
   4.9925493e-01  -1.6745414e-01
  -1.2618017e+00   2.1351049e+00
  -7.3617529e-01   1.2693926e+00
  -5.8393599e-01  -8.5346755e-01
   1.6389504e+00   7.3902188e-01
  -1.7028242e-01  -7.4228248e-01
   2.0560054e-01   1.2111924e-01
  -2.5669983e+00  -5.0452574e-01
  -2.2927542e-02   1.4073865e+00
  -1.9453813e-01  -1.7339235e+00
   1.4706595e-01   1.7803321e+00
   1.4082210e+00   4.9855320e-01
  -9.4976414e-01  -2.1225000e-01
  -1.7581061e+00   6.5059406e-03
   5.0487762e-01   5.9869566e-01
  -1.0749155e+00  -2.1965043e+00
  -1.1831095e-01  -9.9907064e-01
   5.1051633e-01   1.4107306e+00
   9.8992687e-01  -5.2255297e-01
   3.0777978e-01  -1.5976434e+00
   6.3808080e-01  -3.6019704e-01
  -4.1227424e-01   7.9175970e-01
   7.4596012e-01  -1.5490232e-03
   1.8477417e+00  -3.2535212e-02
   2.5555509e-01  -9.8036407e-01
   7.2767104e-01   1.7339235e+00
   2.1795700e-01  -4.3600204e-01
  -1.3329491e+00  -2.6677447e-01
   1.0760203e+00   2.0243734e-01
  -1.7080437e+00  -2.5971846e-01
   4.6445942e-01   7.2122679e-01
  -4.7417853e-02  -4.0284848e-01
   3.9078188e-01   2.0148878e-01
  -5.4829723e-01   1.1330355e+00
   1.1612737e-01   1.3705163e-01
   1.5495655e+00  -4.7414382e-01
   1.7367162e+00   7.2767104e-01
   1.8243422e+00   9.0359656e-01
   2.3190370e+00  -2.4724154e-01
  -3.1135490e-01   6.1379812e-02
   7.1921910e-01   1.0466385e+00
   2.6720367e+00   1.1097961e+00
   3.8777416e-01  -8.6242023e-01
   4.2766055e-02   1.7242542e+00
  -3.0453309e-01  -4.6307951e-01
  -3.1363204e-01  -1.8243422e+00
   1.7720178e-01  -8.8465249e-01
   1.3361242e-01   1.4111823e-01
  -1.4205701e-01  -4.5653688e-01
   8.0947290e-02  -5.9499363e-01
  -2.4596407e-01  -7.6907470e-01
  -1.6461132e+00  -4.1159977e-01
   7.2484798e-01   6.2145945e-01
   3.5524292e-01   6.2974838e-01
   9.4631425e-02   1.2262061e+00
   1.2205555e-01  -1.2381196e+00
  -1.7153987e-01  -2.3894505e-01
  -1.4706595e-01  -6.1321300e-01
  -7.6949118e-01   1.4957180e-01
  -6.3201650e-01   3.5524292e-01
  -1.1643927e-01  -7.7742986e-01
  -1.1201790e+00   4.8805649e-01
  -1.7091111e-01  -5.9207235e-02
   4.4521946e-01  -1.2086556e+00
  -3.8577097e-01  -1.4098931e+00
   3.8710626e-01  -6.5028048e-01
   1.8066463e-01   5.5009840e-01
  -4.1126260e-01   6.1396095e-01
   5.8871879e-01   1.1283388e+00
  -6.7070248e-01  -1.0471744e+00
  -4.3429919e-01  -1.8066336e+00
  -1.6935685e+00   1.5057860e+00
  -5.4434091e-01   1.4415644e+00
   1.6099751e+00  -6.7225506e-01
  -2.8253855e-01   2.4167104e-02
  -9.3767430e-01  -2.6452795e-01
   1.8494523e+00   7.1561254e-01
  -9.2239641e-01  -1.1706312e-01
   4.5207160e-01   1.2798632e+00
  -8.1745316e-01  -1.3092239e+00
   7.8457464e-01  -3.2210437e-01
  -2.8866988e-01  -1.5683630e+00
  -5.1228175e-01   1.1672495e+00
   7.8078714e-01   1.0170936e+00
  -1.4720000e+00  -1.0093293e+00
   5.3359388e-01   4.4898553e-01
  -4.0352055e-01  -1.7270004e+00
   7.6990779e-01   3.8510358e-01
   1.2847978e+00  -5.7623799e-01
  -1.1138196e+00   1.1703163e+00
   5.6493619e-01  -3.0485761e-01
   1.2926161e+00   1.1599335e+00
  -6.1845588e-01  -7.0326044e-01
   2.5840793e+00  -6.3580395e-01
   5.7953292e-01  -6.8708657e-01
  -1.2367872e+00   1.0375737e+00
  -3.6946854e-01  -5.6724631e-02
  -1.4494907e+00   1.4784380e+00
   2.0085651e-01  -3.9379313e-01
  -3.4963877e-01  -6.7848170e-01
  -3.2896430e-01   6.0761427e-01
  -3.3354618e-01  -4.2139819e-01
  -5.6724631e-02  -7.6907265e-02
   1.0688625e+00   5.8577394e-01
  -6.1808082e-01  -2.1057701e+00
  -1.8822751e-01  -1.5495655e+00
   1.2819742e+00   3.9714316e-01
   1.0493210e+00   8.8282128e-01
   3.7245538e-01   1.4450760e+00
   4.2410829e-01   1.3605696e+00
  -4.1902938e-01  -4.9469809e-01
   6.9022823e-01   3.0258661e-01
   1.1684749e+00  -3.1623649e-01
   1.5048241e+00   1.7594310e-01
   2.7725595e+00   8.1831887e-01
   5.9351509e-01   4.7726608e-01
  -2.5331511e-01   1.7256256e+00
   9.8538589e-01   6.0538011e-01
   9.4782046e-01   2.5171591e-01
  -8.2501495e-02   5.2326335e-01
  -7.7910740e-01  -4.6487415e-02
  -8.7098978e-01  -3.8543726e-01
   5.7660378e-01  -3.0980451e-04
  -1.3771730e+00  -1.7566549e+00
   1.0646372e-01   4.0595538e-02
  -1.2861276e-01  -1.5293020e+00
   1.5899207e+00   6.7458699e-01
   1.1814493e+00   3.5029751e-01
   1.5812093e+00  -5.9721387e-01
   9.7432552e-02  -3.4705070e-02
   6.9258895e-01   5.7034937e-02
  -1.4217094e+00  -1.7909034e-01
  -9.6101071e-01   2.0036100e+00
   3.5557292e-01   2.6324482e-01
  -1.1184401e+00  -6.7419808e-01
   3.0128960e-01   1.1472778e+00
   1.2374531e+00   8.4990559e-01
  -4.0621067e-01   1.0699601e+00
   1.6306988e+00   2.0781600e-01
   6.1695618e-01   2.0180495e-01
   6.3884048e-01   6.2409218e-01
  -5.0804741e-01  -1.2597440e+00
  -1.2583752e+00   7.2726739e-01
   1.4840056e+00  -3.8476996e-01
   7.7701081e-01  -1.5557704e+00
   1.2125234e+00  -1.1764833e+00
  -9.5904608e-01   4.7796055e-01
   7.1201527e-01  -9.8337419e-01
   1.1927306e+00   6.3770109e-01
   2.7255745e-01   8.5346755e-01
   7.9515508e-01   5.7733560e-01
  -2.1997894e-02   5.1450239e-02
   2.0835422e+00  -2.2557743e-01
   8.5748775e-01   1.1213401e+00
   1.9896016e-01  -9.3383440e-01
   2.3543998e-01  -1.2983521e+00
   3.3125437e-01   8.5883090e-01
   3.6085825e-01   1.4710852e+00
   6.6876401e-01  -1.2321410e+00
  -8.6107294e-01   3.1200535e-01
   4.4590373e-01   1.3128824e+00
   1.5646777e-01   7.4841748e-01
   5.4075164e-01   1.8066463e-01
  -3.6052763e-01  -9.6051921e-01
   6.2710632e-01   4.5867145e-02
   1.6020995e+00   8.2501495e-02
  -2.1442748e+00  -1.5526605e+00
  -9.2571998e-01  -3.7278746e-01
  -8.2744624e-01   1.1265840e+00
  -9.7089009e-01  -1.9247726e+00
  -2.7899370e-01   7.2283504e-01
   8.2483141e-01  -1.4550026e-01
   2.7899370e-01   1.0165741e+00
   1.3884563e+00   3.2504247e-01
  -3.0550676e-01   9.4588035e-01
   1.7147434e+00  -7.4146659e-01
  -1.2421300e+00  -1.1924694e-01
  -4.1531171e-01  -8.8832384e-01
  -1.0854645e+00  -4.2275285e-01
   9.4636505e-01   1.4943339e+00
   2.6356557e-01  -5.6529963e-01
  -7.3983630e-01  -6.7926188e-01
   1.2267982e-01   5.7655565e-02
   8.9385342e-01   2.3480300e-01
   1.3455023e-01  -3.2929135e-01
  -3.2536910e-01   3.1605321e-02
   1.4821446e+00   6.6489460e-01
  -7.1002076e-01  -1.3517550e-01
  -2.8770106e-01  -5.5768291e-01
   5.2691138e-02   2.1605389e-01
   1.4675278e-01  -1.9169741e-01
  -3.1102972e-01   3.5656316e-01
  -9.2762376e-01   1.0677529e-01
   1.4311349e+00   5.4613818e-01
   3.1546834e+00   1.0147998e-01
  -3.1688794e-01   1.6682581e-01
  -1.3739812e+00   1.0412959e+00
   1.7788228e+00  -3.3846312e-01
  -1.3835990e+00   1.8392688e+00
   1.5726163e+00  -2.3926384e-01
  -5.4326340e-01  -2.4564476e-01
   3.8376933e-01  -4.8387289e-01
   8.4990559e-01  -2.2780251e-01
  -8.8409321e-02  -4.9899226e-02
  -8.2788260e-01  -1.9944710e+00
   1.2700863e+00  -2.2367111e-01
  -2.6837995e-01   8.9570270e-01
  -3.2243069e-01   3.8744019e-01
  -1.4174407e-01  -9.5219880e-01
  -1.4584058e+00  -1.2229275e+00
  -1.4747517e+00   1.0615216e-01
  -7.3455134e-01   1.6110531e-02
  -1.5715503e+00  -3.1037947e-01
   7.1441242e-01  -9.4942624e-02
  -2.6324482e-01   8.0754104e-01
   2.7095016e-01  -2.4477000e-02
   1.2468342e+00   9.3191961e-01
  -2.9190125e-01  -4.3838816e-01
  -5.1086928e-01  -3.5953598e-01
  -6.7225506e-01  -1.1020326e-01
  -1.0606710e+00  -8.6647156e-01
  -1.4302728e+00   7.4882749e-01
   5.7221932e-01  -3.3551198e-01
  -1.0108773e+00  -3.6681633e-01
   1.2157606e+00   1.3955388e-01
  -1.6377648e+00   1.3933466e+00
   3.0161380e-01  -9.5757502e-01
  -1.0291194e+00  -3.3583974e-01
   3.6151963e-01   1.9043536e-01
   4.6135585e-01   8.1745316e-01
  -3.1982111e-01  -8.9616550e-01
   1.6807104e+00   7.6990779e-01
  -4.3055735e-01  -1.9347427e+00
  -1.4988510e-01  -1.7987681e+00
  -4.8770753e-01   2.1114931e+00
   1.3041312e+00  -1.8359163e+00
   7.9813357e-01   2.0338609e-01
   1.2673872e-01  -7.7839465e-02
   9.3911783e-01  -7.5746682e-01
  -1.0191745e+00  -5.8540619e-01
  -9.2619561e-01   4.4590373e-01
  -1.0650309e+00  -1.2812699e+00
  -1.6582423e+00  -2.1231511e+00
   6.3618319e-01  -5.0663799e-01
  -1.3700110e+00  -2.4660276e-01
  -8.8465249e-01  -2.0036100e+00
   4.4693052e-01   2.0890030e+00
  -1.5844620e+00  -2.5587310e+00
   6.6682806e-01  -1.9011990e-01
  -1.5899207e+00   1.6933951e-01
   3.4395081e-02  -3.0980500e-03
  -1.8409528e+00   1.0776799e+00
   6.4875026e-01  -1.5709505e-01
  -3.8710626e-01   1.9643282e-01
   3.3775112e-02   5.5190135e-01
   1.1236669e+00   7.1121713e-01
  -9.0779853e-01   1.3466309e+00
  -2.0939910e-01   1.1777221e+00
   7.7449940e-01   1.4747517e+00
  -5.8798210e-01   1.5812093e+00
  -1.0334858e-01   1.4328624e+00
  -2.1686333e-03   1.8959577e+00
   9.2953091e-01   9.0033935e-01
  -9.8677742e-02   2.3236205e+00
  -6.3922047e-01   6.2446864e-01
   1.0639390e+00  -1.7848844e+00
   9.4588035e-01  -1.6242937e-01
  -7.8626159e-01   7.2404245e-01
  -1.3048567e+00  -1.4398153e+00
  -2.5459494e-01   1.7107144e+00
  -9.8036407e-01   1.0006027e+00
  -1.2536028e+00  -9.1208830e-02
  -1.7773176e+00   1.4675278e-01
  -5.3931788e-01  -1.5243331e+00
  -8.7780065e-01   2.6805880e-01
  -1.0455676e+00   7.4923761e-01
   1.0031615e+00   4.8422120e-01
  -6.0759047e-02  -6.1283916e-01
  -1.5364581e-01  -7.9770764e-01
   3.3813507e-01  -5.8724573e-01
   1.2515662e+00   1.3063096e+00
  -6.3390909e-01  -8.5302171e-01
  -4.1801490e-01   8.0325611e-01
   1.5176519e-01   8.8511076e-01
  -5.4862908e-02   8.6017560e-01
   2.0844918e-01  -4.4248446e-01
   8.1270262e-01  -7.9260769e-01
   6.5104617e-01   6.7278298e-02
   3.7179135e-01  -6.1658148e-01
   7.0383692e-02   3.2275704e-01
   4.1767683e-01  -6.8121414e-01
  -1.1143959e+00  -1.8686361e+00
   1.1109439e+00   8.9844516e-03
   1.2904760e+00  -1.5343090e+00
   5.8614177e-01  -8.7165318e-02
  -3.6516001e-01   1.1023712e+00
  -2.8415102e-01  -1.7698511e+00
   1.5096476e+00   6.1283916e-01
   3.5600513e+00   3.1233062e-01
  -2.1510263e-01  -2.3522005e+00
  -1.6133812e+00   2.7706162e-01
  -1.0557900e+00   7.7617313e-01
   3.1460846e-01  -2.4149604e-01
  -1.0160549e+00   4.9085032e-01
  -8.2483141e-01  -7.9813357e-01
   2.5875728e-01   6.7887174e-01
   8.9894633e-01  -1.2583752e+00
  -8.5614615e-01  -4.3941154e-01
   3.4141721e-01  -6.8277782e-01
   4.2309164e-01   1.8633359e+00
  -1.3202526e+00  -1.8997094e+00
  -5.3752724e-01   3.0031717e-01
   1.4868067e+00   3.2145184e-01
  -1.4729160e+00  -7.1881791e-01
   4.8968676e-02  -8.8008001e-01
   1.2092989e+00  -9.5565050e-02
   1.3767711e-01   1.0782338e+00
  -8.8648667e-01  -5.2326335e-01
   1.1939934e+00   9.2953091e-01
  -3.9881984e-01  -1.3180340e+00
  -7.8541784e-01   2.2250429e+00
  -1.5609873e+00  -3.2047330e-01
  -2.7315718e+00  -6.2296334e-01
   1.3337027e+00   3.5128590e-01
   4.8910373e-01   1.8019009e+00
  -1.8494523e+00  -1.1463018e-02
  -2.1567888e+00   5.4829723e-01
   1.6935685e+00   1.1883254e+00
   7.4228248e-01  -2.2307775e-02
   8.1788594e-01   5.7477558e-01
  -9.0033935e-01   7.0048611e-01
  -1.4550026e-01   1.3497058e+00
   1.0165741e+00   1.7311206e-01
   4.2885850e-01  -2.8318345e-01
   2.2634742e+00  -1.1862293e-01
  -1.5253238e+00  -6.7809177e-01
  -3.9680795e-01   4.7171858e-01
   1.0961357e+00   2.8640972e-01
  -5.5793745e-02   8.2135372e-01
   1.5019841e-01  -1.4057203e+00
  -8.4768482e-01  -1.5584057e-01
   5.6675415e-01   8.9431546e-01
  -1.1442915e+00   8.2613812e-01
   7.4800761e-01  -4.9259840e-01
  -3.9714316e-01  -1.7624820e+00
   1.2461605e+00  -6.3353039e-01
  -6.1770586e-01   3.6565078e-02
   2.0528413e-01   2.0200179e+00
   2.1763976e-01  -6.0389235e-01
  -3.2210437e-01   1.0798974e+00
  -1.9643282e-01  -9.1908301e-01
   1.2394542e+00  -1.5960475e-01
   9.5268641e-01   7.8120742e-01
  -2.6206908e+00  -8.5391356e-01
  -9.1208830e-02   2.1896416e+00
  -1.4191607e+00  -6.4569435e-01
   4.0352055e-01   5.0558158e-01
  -8.4458276e-01  -2.6404007e+00
   3.7478078e-01   3.1135490e-01
   1.3034064e+00   1.2118775e+00
   6.3960054e-01  -3.7810630e-01
   1.8948903e-01  -2.1631747e+00
  -5.6711797e-01   9.3386718e-02
   7.5499269e-01   2.0754657e+00
   9.8588944e-01   1.8129447e-01
   1.1538839e+00   5.4721739e-01
   1.0391672e+00   1.3367245e+00
   1.3247093e+00   1.9453813e-01
  -5.8246705e-01  -7.9473016e-01
  -4.6135585e-01  -5.4362250e-01
   9.5025062e-01  -1.8066463e-01
  -3.4996812e-01   4.9504825e-01
   1.0134627e+00   1.1893493e-01
   1.3621348e+00  -8.0882942e-01
   1.7508869e+00   4.6797556e-02
   5.2397400e-01   1.3517550e-01
  -1.3389990e+00   5.8945580e-01
  -1.1490745e+00   1.0301722e+00
  -6.2823809e-01   8.4812864e-01
   2.8253855e-01   1.1955896e-01
  -7.4800761e-01   2.0649033e+00
   4.3634276e-01   1.0062406e+00
  -9.2334496e-01   5.0981061e-01
   1.2190105e+00  -2.4022035e-01
   1.5552698e-01  -9.6692701e-01
  -5.2575178e-01   8.1258116e-02
   2.4981878e+00   9.3287658e-01
  -6.2311005e-02  -4.5825672e-01
   9.8437954e-01   8.1054934e-01
   9.7636434e-01   7.5252318e-01
   8.7598045e-01   9.4009053e-02
   5.4242376e-02  -5.8503852e-01
   5.8320136e-01   1.6122437e+00
  -3.3747908e-01   1.6871099e-01
  -6.2484518e-01  -4.6376935e-01
   3.2863729e-01  -3.3354618e-01
  -5.4685758e-01   1.3359679e+00
   8.9616550e-01   7.6949118e-01
  -1.1394434e-01  -1.9015954e+00
  -2.9351807e-01   7.2686386e-01
  -8.0154626e-01  -3.3092711e-01
  -4.8561502e-01   7.8668368e-01
  -7.1721431e-01  -1.4665298e+00
  -1.0547088e+00  -1.1120931e+00
   1.8162222e+00   2.8576423e-01
  -1.0989157e-01  -4.5207160e-01
  -7.2042337e-01   1.5516272e+00
   4.7417853e-02   8.8465249e-01
   5.7003121e-01   1.4362191e-01
  -1.4015719e+00  -2.1890886e-01
   2.5235551e-01   1.4433180e+00
   2.0248073e+00  -5.1510975e-01
   1.4057203e+00  -4.2145887e-02
  -2.7030744e-01  -4.6032232e-01
   1.7654182e+00  -4.9278854e-02
   1.4656223e+00  -5.5793745e-02
  -3.6847366e-01  -1.8392688e+00
   3.4273110e-01  -1.9552803e+00
  -3.0128960e-01  -1.4285517e+00
  -6.2371581e-01   8.8327881e-01
  -1.9390672e-01   2.3130134e-01
   3.6875092e-02  -6.2823809e-01
  -2.3257434e-01  -1.0170936e+00
   5.0839992e-01  -1.9232855e-01
  -1.1870710e+00  -1.1466797e+00
   2.4915852e-01   1.9899633e+00
   1.4354616e+00   8.9524009e-01
  -1.6745414e-01  -2.7886019e-02
   4.3975277e-01  -1.1342136e+00
  -4.8143636e-01   2.7725595e+00
  -1.3566713e+00   2.0275357e-01
  -1.5747537e+00  -3.7478078e-01
   1.1120931e+00  -2.3066498e-01
  -9.8588944e-01   4.3293782e-01
   1.5736841e+00  -2.6420713e-01
   3.2373630e-01  -8.5569929e-01
   1.6533615e+00   5.4649785e-01
   4.3696337e-02  -1.3692195e+00
  -1.2268634e+00   2.7352216e-01
  -3.1265593e-01   1.1300892e-01
  -2.0835422e+00  -1.2080127e+00
  -5.6275710e-01  -8.5299567e-02
  -1.8665104e-01  -4.0452900e-01
  -5.5226216e-01  -4.3293782e-01
  -6.1620686e-01   1.8003323e+00
  -2.7834956e-01   1.3055828e+00
   6.7887174e-01  -3.9814903e-01
   4.1463639e-01   1.6619290e+00
   6.0138304e-02  -7.9091228e-01
   9.5512786e-01   4.9050088e-01
  -2.7886019e-02  -3.0031717e-01
  -1.6631630e+00   2.4372945e-01
   1.8192438e-01  -3.9546759e-01
   7.6907470e-01   1.1737506e-01
   1.1190194e+00  -8.2135372e-01
  -2.4912293e+00   1.6731269e+00
   1.4720000e+00   7.5540472e-01
  -3.5953598e-01  -1.2728673e+00
  -4.9925493e-01   9.8588944e-01
   1.3548815e-01  -4.1463639e-01
   4.7657184e-01  -1.6180157e-01
  -8.5921451e-02   1.7668920e+00
   1.2301579e+00   6.8043292e-01
  -8.1227166e-01   1.3284435e+00
  -2.8124911e-01  -1.3566713e+00
  -1.3359679e+00  -3.8844224e-01
   1.9810672e+00   4.0285480e-02
  -6.7848170e-01  -1.0639390e+00
  -6.7809177e-01   1.0552907e-01
  -5.9425420e-01  -5.4218651e-01
  -1.0365129e+00   1.6668801e+00
   7.7408131e-01  -1.9899633e+00
  -1.2281796e+00  -1.2138168e+00
   1.0124277e+00  -1.3631821e-02
  -2.3321098e-01  -3.9714316e-01
   7.8331089e-01  -3.5359349e-01
   4.0184071e-01   1.1783421e+00
   2.9125741e-02  -3.0420859e-01
  -1.8050515e+00   1.5897723e-01
   4.4043538e-01  -6.0017878e-01
  -2.0469554e+00  -4.2376936e-01
  -1.6974811e+00   2.1415156e-01
   6.3390909e-01   7.6907470e-01
   1.3830264e-01  -2.0176404e+00
   1.1550359e-01  -1.2434713e+00
   2.0306982e-01   9.6940215e-01
   5.7185444e-01   1.3254547e+00
  -1.1984286e+00   3.9881984e-01
   1.4539338e+00   8.5035024e-01
   6.4036096e-01  -1.1167047e+00
   5.8908725e-01   1.9658663e+00
   4.1531171e-01   7.8752827e-01
   8.9292993e-01   4.0016200e-01
  -7.2525092e-01  -6.7109047e-01
  -5.2077816e-01  -3.4240257e-01
  -1.0477106e+00  -5.8136616e-01
  -1.7409308e+00  -7.6035917e-01
   4.3361841e-01  -5.1546354e-01
   7.5664436e-02  -5.0065912e-01
  -4.2145887e-02  -1.5427281e-01
  -6.2446864e-01  -5.0734257e-01
   6.2221122e-01   9.4152807e-01
  -1.1902105e+00  -1.6043395e+00
  -1.2756582e+00  -1.6306988e+00
   1.8444475e-01   1.9327333e+00
   4.4830032e-01  -1.8978302e+00
   4.1261155e-01  -6.4760358e-01
  -3.1753952e-01  -3.8176922e-01
   8.0111916e-01   1.7028242e-01
   7.0683541e-01  -9.7886234e-01
   9.5565050e-02  -3.6449776e-01
   6.1134463e-01  -1.8696629e-01
  -2.4979771e-01   3.5887508e-01
  -6.4483999e-02  -4.4145969e-01
   5.0101032e-01   1.1063617e+00
  -1.8130074e+00   3.1851714e-01
   3.7843909e-01  -7.6325790e-01
   3.1558518e-01   5.3681147e-01
   6.5603246e-01  -1.6935685e+00
   5.7514107e-01   1.5976434e+00
  -1.0938788e+00  -9.0826641e-01
   5.7258427e-01   7.1921910e-01
   5.5478981e-01  -1.2735641e+00
   1.0967008e+00   9.2144869e-01
  -1.0821202e+00   1.4858717e+00
  -3.5524292e-01   6.0448673e-02
  -2.1795700e-01   1.8227085e+00
   5.4039310e-01  -7.3983630e-01
  -2.5406703e-02  -1.8475988e-01
  -7.0564275e-01   2.9125473e-01
  -4.5867145e-02  -9.2381955e-01
  -1.3597883e+00  -6.4836794e-01
  -8.0797035e-01  -6.6566769e-01
   2.5171591e-01   1.2659332e+00
  -1.1569034e+00  -2.0520162e+00
   1.0466385e+00  -3.8977891e-01
  -3.6913687e-01  -3.9078188e-01
  -5.9129972e-01  -6.1134463e-01
  -5.9536346e-01   9.6040874e-03
   1.5651915e+00   1.1103698e+00
   2.5349274e+00  -3.4700532e-01
  -1.1678620e+00   1.4539338e+00
  -7.8921915e-01  -9.0897738e-02
  -1.3352121e+00   1.8580875e+00
   1.1271685e+00   1.9580118e-01
   9.3191961e-01  -2.2208314e-01
   7.3658158e-01  -2.5427495e-01
  -5.9019313e-01  -5.9795460e-01
   7.7994700e-01   2.9610659e-01
  -2.3352934e-01  -4.8735863e-01
  -5.3967622e-01   4.5246892e-02
  -4.2919817e-01  -1.1051496e-01
   1.2196621e+00   1.0644848e+00
  -3.9145074e-01   1.0016254e+00
   2.5427027e+00  -6.5104910e-02
   1.7395225e+00  -1.0023445e-01
  -1.8460365e+00  -1.1407213e+00
  -9.8841095e-01  -1.6494123e-01
  -9.0592901e-01   6.7342057e-01
  -5.3681147e-01  -2.4117708e-01
  -1.2976328e+00   5.0136158e-01
   4.1193698e-01   1.9387852e+00
   1.4294118e+00   1.0317535e+00
   3.7013200e-01   2.2105486e+00
  -1.1448879e+00  -3.6875092e-02
   2.9157797e-01   1.8563493e+00
   9.7188324e-01   1.3041312e+00
   1.0291194e+00   1.3736436e-01
   6.7809177e-01  -5.5370610e-01
   2.5971846e-01   9.2097514e-01
   3.5293399e-01   1.1395345e+00
  -1.8588281e-03  -4.2919817e-01
  -1.2705103e-01  -2.7725595e+00
   9.8891600e-01   3.2535212e-02
   1.0207380e+00   9.4733510e-01
  -1.0955709e+00   1.7909034e-01
  -1.7279759e-01  -5.6058068e-01
  -1.9594884e+00  -1.1082666e-01
  -2.1668817e-01   1.5485372e+00
   4.8108851e-01  -1.3420424e+00
   7.9983875e-01   1.0815640e+00
  -7.3658158e-01   1.3337027e+00
   9.4394380e-01  -6.5372908e-01
   4.0890374e-01  -3.7910478e-01
   1.6413287e+00   4.4693052e-01
  -4.5963357e-01   4.1261155e-01
  -1.0301722e+00  -7.5540472e-01
  -9.8891600e-01  -6.3732148e-01
  -7.5975132e-02  -9.4491163e-01
  -1.5779733e+00   2.7576096e-02
   2.0813258e-01  -1.2833848e+00
   3.8610473e-01  -1.7969629e-02
   1.0727099e+00   2.2430646e-01
   8.6152186e-01   9.3959944e-01
  -4.1835301e-01   3.0583138e-01
  -3.6875092e-02  -5.8896890e-02
   3.9513261e-01  -1.1213401e+00
  -2.6260342e-01  -4.6170047e-01
   5.3038181e-01   1.6389504e+00
  -1.8696629e-01  -1.9877245e+00
   6.0352062e-01   2.0917569e+00
  -3.1819123e-01   7.6865835e-01
   1.0821202e+00  -5.6820987e-01
  -2.3607705e-01  -2.6516968e-01
   1.1425046e+00   4.3668353e-01
  -1.8162222e+00   1.3763737e+00
   1.1952582e+00   1.1236669e+00
  -1.1703163e+00  -4.4350970e-01
  -6.7031458e-01   2.3011743e+00
   2.2400203e+00   3.0980500e-03
   6.4683961e-01  -9.0686338e-01
   3.5260429e-01   2.4979771e-01
  -1.0023445e-01  -3.3420130e-01
  -9.6692701e-01  -8.2352611e-01
  -1.6832598e+00  -2.7480884e-01
  -6.2748349e-01   1.0181335e+00
   9.9703149e-01  -1.6730224e-02
  -7.2247252e-02  -6.4951518e-01
  -4.7241122e-01  -3.0291094e-01
   1.1611485e+00  -7.0604019e-01
   9.5806515e-01  -1.4048887e+00
  -6.7380927e-01   8.6421907e-01
   8.1961860e-01   6.4188292e-01
   2.7886019e-02  -2.0754657e+00
  -1.9766774e+00   7.4065120e-01
   4.0116909e-01   1.3668503e+00
   4.1058841e-01   2.7996013e-01
  -1.8003486e-01   2.4149604e-01
  -8.4988638e-02  -7.2847870e-01
  -5.1794187e-01  -2.0758393e-02
  -1.1057905e+00   7.8246909e-01
  -1.5888252e+00  -7.2969107e-01
  -3.0680543e-01  -1.1201790e+00
   4.1126260e-01   7.9133592e-01
  -1.1727778e+00  -2.0973129e+00
  -8.4946110e-01  -7.5870562e-01
   2.0369883e+00   7.3495715e-01
  -9.4539588e-01   3.0420859e-01
  -8.9844516e-03  -1.6248720e+00
   1.8775882e+00   1.6054626e+00
  -8.5838301e-01   1.0843484e+00
  -9.2764420e-02  -1.4905597e+00
   1.1132438e+00   1.4363302e+00
  -8.6872845e-01  -4.9434799e-01
   4.3498018e-01  -4.7691893e-01
  -8.6242023e-01  -8.3434113e-02
  -2.2621305e-01  -1.6896817e+00
  -4.6376935e-01   1.1520772e+00
  -9.6150245e-01  -5.3752724e-01
   3.8388854e+00   1.0568725e+00
  -8.6421907e-01  -2.2907448e-01
  -1.1955896e-01  -1.8276241e+00
  -9.1013990e-01  -3.5524292e-01
  -2.7188724e+00   1.0864494e-01
  -8.4724117e-01  -2.9586545e+00
  -1.8066463e-01   2.2113062e-01
  -1.6525529e-01  -1.4107306e+00
  -1.0782338e+00  -6.3242251e-02
   1.7014199e+00   8.7507143e-01
  -1.1908398e+00   2.2335347e-01
  -3.7444846e-01   3.3551198e-01
   2.8286099e-01  -1.1172828e+00
  -5.6529963e-01  -2.3098315e-01
  -1.2475085e+00  -2.0728034e+00
   8.4055898e-02   9.8538589e-01
   2.4819992e-01   4.1092548e-01
  -1.8019009e+00  -8.9246847e-01
  -1.2969141e+00   4.6204515e-01
   9.7686345e-01  -5.1334177e-01
  -6.8199577e-01  -1.2448148e+00
  -6.9219523e-01   1.0520111e+00
  -2.1001153e+00  -7.2082502e-01
  -3.8677237e-01  -1.2933308e+00
  -2.0148878e-01  -7.6824214e-01
  -3.5635059e-02   1.5029045e+00
   3.9881984e-01   2.7641783e-01
  -4.0274695e-03   5.3180872e-01
  -1.1363252e-01   1.7987681e+00
  -5.5515119e-01   1.5363226e+00
  -1.4048887e+00   6.1583232e-01
   1.4049245e-01   5.4039310e-01
  -8.6062418e-01   5.3609597e-01
   1.1020326e-01   7.0207078e-01
  -9.2941366e-04   1.6237132e+00
  -2.4436779e-01   2.6966483e-01
  -5.4577859e-01  -1.3660623e+00
   1.6401384e+00  -4.6722191e-01
   8.2048585e-01   6.9732203e-01
   2.2748457e-01   1.8210798e+00
   1.3195123e+00   4.9890404e-01
  -1.3195123e+00  -4.8596363e-01
   2.2362287e+00   5.7843391e-01
   4.5997792e-01  -9.8689729e-01
   1.2805662e+00  -7.1004851e-02
   6.1246540e-01  -8.6107294e-01
   3.4404557e-01   3.7245538e-01
  -4.5035659e-01   9.8488259e-01
   1.3276952e+00  -3.7046379e-01
   1.9208375e+00   5.7880017e-01
   9.2619561e-01   7.3333465e-01
   8.4768482e-01   1.8602058e-01
   2.9435679e-02  -3.2604522e+00
  -6.6528109e-01  -1.3209935e+00
  -1.0832336e+00  -2.1086230e+00
   3.1330664e-01   1.7067130e+00
  -5.7367958e-01  -2.7609597e-01
  -7.5375736e-01  -1.1075050e+00
  -2.8544153e-01  -9.7387243e-01
  -1.0116858e-01  -7.0643774e-01
  -6.2621414e-02   1.2714756e+00
   7.4146659e-01   7.1481235e-01
   9.0359656e-01  -1.0072691e+00
  -3.1591082e-01  -9.0546213e-01
   2.5811663e-01  -1.8848598e+00
   1.3497058e+00   9.2619561e-01
  -1.5910182e+00  -1.9580118e-01
  -1.1120931e+00   1.5987545e+00
  -7.2686386e-01   2.2907448e-01
  -4.0553787e-01   2.1922618e-01
  -5.3788523e-01   1.0574142e+00
  -1.4905597e+00  -1.2611414e-01
  -1.1648039e+00  -5.4003462e-01
   7.8120742e-01   1.0477106e+00
   1.1623652e+00  -1.8162222e+00
  -6.5415375e-02  -8.5748775e-01
  -1.1312713e+00  -1.2170590e+00
   7.1315441e-02   7.6367253e-01
   1.0926823e-01   8.6242023e-01
   5.9536346e-01  -6.7899324e-02
   4.4350970e-01  -9.5561684e-01
  -5.4075164e-01   1.1300971e+00
   6.3770109e-01   8.9339158e-01
  -7.5293444e-01  -7.3536308e-01
   4.5791264e-01  -4.9154937e-01
  -5.9610338e-01  -9.1955573e-01
   6.9653210e-01  -1.0871412e+00
  -1.4007451e+00  -5.1450239e-02
   7.8583964e-01  -2.0085651e-01
   9.0639609e-01  -1.7451765e+00
  -7.0922375e-01   4.3429919e-01
   7.6782606e-01  -9.0080408e-01
  -1.1883254e+00   1.6283614e+00
   1.5009904e+00  -2.1686333e-03
  -9.1766606e-01  -5.9240705e-01
  -4.9399795e-01  -2.8415102e-01
  -1.8178366e+00   1.2138168e+00
  -6.8277782e-01  -2.1172861e+00
  -2.6100040e-01   7.0383692e-02
  -8.6782517e-01  -1.6845386e+00
   3.2243069e-01   4.8178426e-01
   8.8648667e-01   4.2309164e-01
  -1.9208375e+00   1.1768701e-01
   6.2786075e-01  -9.9195165e-01
   4.2105964e-01  -4.2716089e-01
   2.2335347e-01   1.0646372e-01
   2.0013096e+00   4.7379718e-01
  -1.5207859e-01  -8.9385342e-01
   6.8157519e-03  -9.0219944e-01
   1.1870710e+00   2.0654990e-01
   7.3455134e-01   1.1927306e+00
   7.0286377e-01   2.8931591e-01
  -9.8387674e-01   1.3543422e+00
   6.3353039e-01  -5.9906632e-01
