   7.6490100e+01   2.0000000e+00
   1.8301680e+02   0.0000000e+00
   1.4638690e+02   3.0000000e+00
   1.2237750e+02   2.0000000e+00
   1.9790190e+02   1.0000000e+00
   2.4655320e+02   0.0000000e+00
   1.6699950e+02   6.0000000e+00
   2.7915390e+02   2.0000000e+00
   1.8128520e+02   1.0000000e+00
   1.5467850e+02   2.0000000e+00
   1.7126190e+02   4.0000000e+00
   1.6996330e+02   2.0000000e+00
   1.8751230e+02   2.0000000e+00
   2.0382930e+02   0.0000000e+00
   1.7109540e+02   1.0000000e+00
   1.1198790e+02   1.0000000e+00
   2.3956020e+02   0.0000000e+00
   1.4302350e+02   1.0000000e+00
   1.6896420e+02   1.0000000e+00
   1.9333980e+02   4.0000000e+00
   1.7529120e+02   4.0000000e+00
   1.8677970e+02   1.0000000e+00
   2.1595050e+02   1.0000000e+00
   2.0432880e+02   0.0000000e+00
