   7.8150213e-02  -6.8157519e-03
   1.1057905e+00   3.0096542e-01
  -2.4628340e-01  -3.7345174e-01
  -1.1684749e+00  -1.7423425e+00
  -1.7668920e+00  -3.9975426e-02
   1.5333234e-01  -3.3256376e-01
   5.1935949e-01  -4.9504825e-01
  -1.4638111e+00  -3.0680543e-01
   1.0181335e+00   6.2033245e-01
  -2.9707779e-01  -1.1225027e+00
  -3.0258661e-01   1.9864418e-01
   2.8640972e-01   2.6206908e+00
  -4.0150488e-01  -4.0217659e-01
   4.5275798e-01   2.0176404e+00
  -8.2570240e-01  -8.8511076e-01
  -9.4976414e-01  -2.1225000e-01
  -9.5415060e-01   6.7070248e-01
  -1.5154826e+00  -1.5910182e+00
  -2.2240069e-01   3.8777416e-01
   2.4085815e-01  -4.8213222e-01
   5.1971406e-01   1.1178613e+00
   2.1129951e-01  -2.8963897e-01
  -5.5793745e-02   8.2135372e-01
   1.5803607e-01   2.1172861e+00
  -2.0496774e-01   1.4683483e+00
   2.3735148e-01   6.7264346e-01
  -8.7144258e-01   5.7331440e-01
   3.5524292e-01   6.2974838e-01
   8.1572356e-01  -3.7805153e-02
  -6.7731221e-01   4.8317644e-01
  -3.5590296e-01   2.5929107e+00
  -4.3386239e-02   2.3672433e+00
  -1.2347927e+00  -1.1115183e+00
   5.0171291e-01  -1.6668801e+00
  -4.6487415e-02  -2.1034921e-01
  -1.3284435e+00  -1.9111280e+00
   2.6805880e-01   1.1550359e-01
  -5.5334500e-01   3.4174563e-01
  -4.9469809e-01  -4.5867145e-02
  -3.4085095e-02   3.2308343e-01
  -8.5748775e-01  -6.1690204e-02
   8.4946110e-01  -3.5635059e-02
  -3.3616754e-01  -4.2987766e-01
  -4.7171858e-01  -4.0150488e-01
   1.2035263e+00   3.0365508e-02
   1.6756441e+00   1.4868067e+00
   1.5301888e-01  -3.3027270e-01
   1.3986672e-01   7.5953214e-01
  -7.0763107e-01   2.0571301e+00
   1.1883254e+00   1.0590412e+00
  -7.2162868e-01  -9.3335538e-01
   9.9754088e-01   1.3392501e-01
   2.1827427e-01  -6.2484518e-01
  -2.2034721e+00  -8.3444695e-01
   1.4775146e+00   5.0804741e-01
   7.2646045e-01  -1.8129447e-01
   1.4200092e+00   2.1664010e+00
   3.4996812e-01   3.1330664e-01
   7.2082502e-01  -2.9869709e-01
   1.5363226e+00  -1.4389424e+00
   1.2862135e+00  -6.7264346e-01
   6.7497600e-01  -5.1687934e-01
   1.3924105e-01   1.7552075e+00
  -1.7581061e+00   6.5059406e-03
  -2.2555177e+00  -4.7553092e-01
   9.2714750e-01  -5.0769496e-01
   1.5077140e+00   2.7802753e-01
  -1.5184196e+00   8.2570240e-01
  -9.4009053e-02   2.8673251e-01
  -8.3708278e-01  -8.4366803e-02
   7.1081823e-01   1.4800553e-01
   3.9580261e-01  -2.4456155e+00
  -1.7969629e-02   7.4514199e-01
  -1.8342477e+00   5.6166856e-01
   5.3932118e-02   5.8982442e-01
  -8.3488585e-01   1.6145207e+00
  -4.5756862e-01  -3.3911933e-01
  -1.3803789e+00  -2.2105486e+00
  -7.6201481e-01  -8.0754104e-01
   1.3489359e+00   1.0418288e+00
  -4.4761531e-01  -9.9805054e-01
   1.7091111e-01   7.9643071e-01
  -9.5757502e-01  -6.6026441e-01
   4.5516198e-01  -1.3900827e+00
   2.0085651e-01  -3.9379313e-01
  -8.7734533e-01   1.9896016e-01
   1.7001040e+00   5.4973802e-01
   6.8160490e-01  -8.0026541e-01
  -7.5416901e-01   7.7839465e-02
  -5.5515119e-01   1.5363226e+00
   1.6401384e+00  -4.6722191e-01
   1.8259807e+00   2.6003890e-01
  -2.7065968e+00  -1.4311349e+00
   4.0755683e-01  -1.4512645e+00
  -3.1363204e-01  -1.8243422e+00
  -1.8665104e-01  -4.0452900e-01
   8.7734533e-01   1.1269714e-01
  -1.3397587e+00  -1.1126682e+00
   8.2812359e-02  -6.3239483e-01
  -7.0802907e-01  -1.5194015e+00
  -5.4721739e-01  -3.5161544e-01
   7.3902188e-01  -8.8694568e-01
  -1.1611485e+00  -2.1001153e+00
  -9.0897738e-02  -8.8053643e-01
   9.7636434e-01   7.5252318e-01
  -1.7625774e-01  -1.4294118e+00
   7.9430538e-01  -5.2824346e-01
   2.3011743e+00   6.8395167e-01
  -3.8810818e-01   3.6913687e-01
   1.8759687e-01  -7.6285836e-02
  -1.0338659e+00  -1.3497058e+00
   6.6721505e-01   1.6077148e+00
  -1.7423425e+00  -1.0041868e+00
  -2.5011735e-01   1.5954272e+00
  -8.3094151e-01   1.5373318e+00
  -1.0568725e+00  -1.9201297e-01
   2.0781600e-01   7.1361292e-01
   4.9224866e-01   8.2309132e-01
   3.3775112e-02   5.5190135e-01
   3.3256376e-01  -1.0606710e+00
   7.7408131e-01  -1.9899633e+00
  -4.5722466e-01  -7.7784904e-01
   4.8213222e-01  -5.3073843e-01
  -1.1550904e+00  -2.9222455e-01
   4.7865525e-01  -7.4353767e-03
   4.9154937e-01  -8.7325557e-01
  -2.0862648e+00   1.0144987e+00
   4.4350970e-01  -9.5561684e-01
  -5.2667010e-03   9.5219880e-01
   1.2990722e+00  -3.1753952e-01
   2.7416544e-01  -1.2401223e+00
  -1.8292725e+00   1.1908398e+00
  -3.6714772e-01  -8.3269295e-01
   8.1702053e-01  -5.2006870e-01
   3.6946854e-01  -7.1681369e-01
  -1.1448879e+00  -3.6875092e-02
   1.0957990e-01  -3.7877191e-01
   3.2535212e-02   1.8885333e+00
  -1.3723905e+00  -3.9680795e-01
  -4.2343048e-01  -3.1656220e-01
  -8.5659318e-01  -5.8798210e-01
   4.6756747e-01  -1.3423761e-01
   2.8195946e-02   4.7622481e-01
   5.1192854e-01   1.0849063e+00
  -5.9093078e-01  -5.5985580e-01
  -6.8551828e-01  -1.4943339e+00
   1.3232208e+00   5.5913121e-01
  -6.5641670e-01  -6.5641670e-01
  -1.9990824e-01   3.8010362e-01
   1.6557969e+00  -3.3155156e-02
   5.5081936e-01  -7.9983875e-01
  -2.3100135e+00  -7.4350724e-01
  -1.2151121e+00  -3.4634734e-01
  -9.6810014e-02  -1.7160926e+00
  -1.2576917e+00  -9.2002866e-01
  -2.0781428e+00  -1.0989157e-01
   8.6107294e-01  -7.7451901e-03
   6.2409218e-01   9.1060878e-01
  -1.5393548e+00   7.9260769e-01
   1.0165741e+00   1.7311206e-01
   8.0947290e-02  -5.9499363e-01
   8.5346755e-01   1.3458642e+00
   6.1171813e-01  -1.2542828e+00
  -1.1040792e+00  -1.1371657e+00
  -9.7536685e-01  -1.0144987e+00
  -6.6967795e-02  -7.1801588e-01
  -1.3819871e+00   1.6473153e+00
   2.2240069e-01  -1.9449090e+00
  -1.6706204e+00   1.2099428e+00
   6.1209172e-01   1.0832336e+00
  -1.5086801e+00   1.3012362e+00
   2.1161632e-01   5.2646335e-01
  -1.1876980e+00  -2.2675067e+00
  -2.0338609e-01   5.3287961e-01
  -2.2177375e+00  -2.9513566e-01
  -1.5490845e-02   1.4082210e+00
  -7.2484798e-01   9.3239798e-01
  -9.7986325e-01  -5.4793722e-01
  -2.1114931e+00   1.5521342e-01
   1.0207380e+00   9.4733510e-01
  -1.1155495e+00   2.6164153e-01
   3.6019704e-01   6.1961298e-03
   2.4477000e-02   5.8063263e-01
   2.3190370e+00  -2.4724154e-01
  -1.6619756e-01  -1.3005142e+00
  -1.3551177e+00  -1.4530429e+00
   2.2812047e-01   2.4394976e+00
   1.5403686e+00   6.1022463e-01
  -1.6032185e+00   4.5688074e-01
   4.1362376e-01   1.1845678e+00
  -9.9139067e-03  -1.5609873e+00
  -8.7825616e-01  -3.1005440e-01
   6.6036324e-02   7.3374010e-01
  -7.9473016e-01  -6.0203453e-01
  -5.8320136e-01   1.4268293e-01
  -2.0781600e-01  -1.8650968e+00
  -7.3698799e-01   7.2565398e-01
   6.8316900e-01   4.8108851e-01
  -1.4952808e+00   1.1808269e+00
   4.6273467e-01   4.2004429e-01
  -9.3075565e-02   3.1363204e-01
   7.6367253e-01   4.6273467e-01
   2.5523501e-01   1.7818454e+00
  -1.1660258e+00   2.5843694e-01
  -1.0732608e+00   4.1531171e-01
   1.3917128e+00   1.2686995e+00
   3.1688794e-01   1.7610197e+00
  -2.6228277e-01  -1.8793968e+00
   7.1401261e-01   1.7122548e-01
  -1.9611699e-01   1.0694112e+00
  -1.0147998e-01   1.3329985e-01
  -4.8658502e-02   6.0389235e-01
   1.1764833e+00   9.1295615e-01
  -4.4727289e-01   8.2048585e-01
  -9.3815526e-01  -1.1155495e+00
   6.2937067e-01  -5.8863196e-03
   1.2940461e+00   3.6151963e-01
  -5.9832509e-01   6.7770194e-01
   2.2515924e+00   5.9093078e-01
  -6.6026441e-01  -1.7499926e-01
  -1.2645536e+00   3.1721371e-01
  -1.0821202e+00   1.4858717e+00
   4.3225744e-01  -1.1752463e+00
  -1.4611031e+00  -1.1259998e+00
  -4.1598722e-01  -1.2705103e-01
   3.6185037e-01  -2.4596407e-01
  -4.6653095e-01   1.0439635e+00
  -6.9762560e-02   9.8989064e-02
  -2.1762176e+00  -1.9106635e-01
   1.2475085e+00  -4.8666101e-01
  -5.6166856e-01  -4.8422120e-01
   1.0677529e-01  -1.2308184e+00
   1.7297597e+00  -7.0073123e-02
  -7.0484820e-01   1.9832821e-01
  -1.8589341e-02  -4.5344457e-01
  -1.5662469e+00   1.0333374e+00
  -1.2624888e+00  -2.0448523e-02
  -1.1914696e+00   1.1407213e+00
  -1.7297597e+00   8.1270262e-01
  -2.3828417e+00  -1.3099542e+00
   1.6996810e-01  -1.0509341e+00
  -9.9601346e-01   1.2904760e+00
   8.8409321e-02   1.7940516e-01
   9.7089009e-01   6.8520376e-02
  -9.8136645e-01  -8.0411191e-01
   2.8318345e-01   1.4611031e+00
   1.1153194e-02   1.3739812e+00
   7.1361292e-01   1.6631630e+00
  -5.2113299e-01   2.8157142e-01
  -1.7270004e+00  -1.1359836e+00
   8.2352611e-01   5.1140026e-02
   3.8677237e-01  -1.4868067e+00
  -4.6342440e-01  -3.6151963e-01
  -1.3574493e+00  -1.1721617e+00
  -8.5921451e-02   1.7668920e+00
   6.0798693e-01  -1.0749155e+00
  -3.4898018e-01   2.2400203e+00
  -1.5313002e+00  -1.3884563e+00
  -2.6611931e+00  -1.0916274e+00
   1.9643282e-01  -3.6255068e-02
   1.3908973e+00   6.3656253e-01
  -2.0272195e+00   6.5488033e-01
  -3.9278898e-01  -2.1696500e+00
   2.2105486e+00   2.3767014e-01
   2.7159299e-01   3.5821434e-01
   1.4729160e+00  -3.0055562e-02
  -1.7743191e+00  -1.2392183e-03
   1.0646372e-01   4.0595538e-02
  -1.1000988e+00  -1.0514725e+00
   5.8761387e-01   1.6845386e+00
   8.3620353e-01  -4.1733881e-01
   1.5145065e+00   3.4470303e-01
   1.2341289e+00   1.0533548e-02
   7.5870562e-01  -2.0654990e-01
   1.7437013e-01  -1.8286938e-01
   5.9351509e-01   4.7726608e-01
   9.1248627e-01  -8.2265669e-01
   1.5106166e+00   5.2681924e-01
   2.3547319e-02  -1.6202500e+00
  -8.3532492e-01  -2.5619532e-01
  -1.5704861e+00   6.9534802e-01
  -1.0677662e+00  -1.2876318e+00
   6.9811239e-01  -9.2857691e-01
  -3.7977063e-01  -1.0402310e+00
  -5.3109513e-01  -8.6232405e-02
   6.4226365e-01   7.0246722e-01
   5.3216561e-01  -1.5176519e-01
   6.4645776e-01   4.6376935e-01
  -1.3535674e+00  -8.8648667e-01
   8.0325664e-02   6.9653210e-01
   6.5910907e-01   1.3830264e-01
   1.4294118e+00   1.0317535e+00
   2.1965043e+00   1.1612737e-01
   4.2072114e-01   1.9801226e-01
   7.7617313e-01   5.3788523e-01
  -2.9435679e-02  -1.4643963e-01
  -6.4760358e-01   1.6242937e-01
  -7.7241029e-01  -1.6807104e+00
  -1.7610197e+00  -9.6989789e-01
  -3.5722351e-01  -6.4722155e-01
  -1.1145011e-01   4.1497402e-01
   1.2099428e+00   1.4638111e+00
   1.3860236e+00  -2.6484880e-01
   3.8076973e-01   1.9106635e-01
   3.8376933e-01  -4.8387289e-01
   4.3191732e-01  -9.2714750e-01
   5.3252258e-01  -4.3907036e-01
   1.0826768e+00   6.1690204e-02
  -3.0355971e-01   5.5804487e-01
  -7.2082502e-01  -1.3652751e+00
   8.6197096e-01   5.4505961e-01
  -8.9477768e-01  -4.7107702e-02
   2.8917179e+00   3.5953598e-01
  -5.3752724e-01   3.0031717e-01
   6.6798933e-01   2.5459494e-01
   9.4249370e-01   7.5581689e-01
   1.2997928e+00   3.7577800e-01
  -2.1668817e-01   1.5485372e+00
  -1.2164096e+00  -5.9943705e-01
   1.0490603e-01  -1.0738120e+00
   1.8812116e+00   2.7095016e-01
  -5.2610753e-01  -1.6399917e-01
  -3.3715114e-01  -2.5811663e-01
   1.1413153e+00   4.0352055e-01
  -1.3731854e+00   1.9422242e-01
  -4.7206487e-01  -1.5844620e+00
  -1.1425617e-01  -5.3573832e-01
   7.3049992e-01  -8.3006674e-01
   1.0972662e+00  -2.7738356e-01
  -7.1761503e-01  -5.2895597e-01
  -1.5096476e+00  -8.0636473e-02
   2.3894505e-01   5.5298398e-01
   5.5226216e-01  -5.5117995e-01
  -1.5135319e+00  -2.4167104e-02
   2.9610659e-01   1.3637032e+00
   1.9347427e+00   2.3862629e-01
   1.9616055e+00  -6.0873249e-01
  -3.4236020e+00  -2.1114931e+00
  -1.0688625e+00  -4.3089726e-01
  -1.3092239e+00  -3.7710821e-01
  -8.3752265e-01   7.1004851e-02
   1.1831095e-01  -4.8840551e-01
   1.8223936e-01  -4.6797556e-02
  -3.4832174e-01   2.6646341e-02
  -1.6180157e-01  -8.9339158e-01
  -5.7550663e-01  -3.4470303e-01
  -9.8588944e-01   4.3293782e-01
   1.4048887e+00  -1.4424797e-01
  -4.9609910e-01  -9.3075565e-02
   6.1808082e-01   1.3298729e-01
  -1.3489359e+00  -6.0426417e-01
   9.2905380e-01  -8.7787303e-02
  -7.2525092e-01  -6.7109047e-01
   6.9062142e-01   4.6342440e-01
   1.9169741e-01  -8.3928375e-01
  -5.9207235e-02   2.4724154e-01
  -1.5243331e+00  -1.9832821e-01
   5.4362250e-01  -2.2438444e+00
  -1.1254160e+00   4.8526648e-01
  -8.4768482e-01  -1.5584057e-01
   7.0484820e-01   8.9016401e-01
  -3.8176922e-01  -3.8744019e-01
  -1.5630859e+00  -1.4174666e+00
  -6.8512647e-01  -2.1383458e-01
  -1.5855500e+00  -5.9093078e-01
   2.2684877e-01  -1.0366005e-01
  -1.4424797e-01  -2.0623343e-01
  -2.5459494e-01   1.7107144e+00
   4.5584933e-01   4.9995690e-01
   5.2966876e-01   8.1615573e-01
  -2.8834691e-01   1.9922121e+00
  -8.9709167e-01   1.2652431e+00
  -5.8283416e-01  -8.8720343e-02
   1.9169320e+00   4.1700084e-01
   6.4454994e-01  -4.4795779e-01
  -3.1915282e-02   5.5768291e-01
  -2.7447277e+00  -1.3063096e+00
  -6.7186676e-01  -1.3172959e+00
  -7.1201527e-01   1.8259807e+00
   5.0030798e-01  -1.2157606e+00
   2.3723788e+00   6.6219193e-01
   4.3532075e-01  -2.0528413e-01
  -5.6021820e-01  -1.0688625e+00
   6.0240592e-01  -9.6150245e-01
   1.1550359e-01  -1.2434713e+00
   6.1733098e-01  -7.1521239e-01
  -4.2145887e-02  -1.5427281e-01
  -1.3548815e-01  -1.9208375e+00
  -1.4593038e+00   6.3163825e-01
   1.9518923e-02   1.8443366e+00
  -1.0207380e+00   4.3736523e-01
  -9.5463912e-01  -1.6781718e+00
  -7.4065120e-01  -1.6354004e+00
  -1.5213697e+00   6.7965213e-01
  -1.2138168e+00  -2.0401869e-01
   6.8904931e-01   2.2594780e+00
  -6.5142915e-01  -3.1200535e-01
   9.2764420e-02  -3.7245538e-01
  -2.2176561e-01  -1.0921897e+00
   4.7275763e-01  -1.3852145e+00
   4.0823019e-01  -9.3719356e-01
   3.2047330e-01   2.2049572e-01
  -4.1092548e-01  -1.3811825e+00
   7.8415325e-01  -7.1641319e-01
   5.3609597e-01  -1.8375899e+00
  -1.3668503e+00  -1.9828788e-02
  -1.5801288e+00  -2.4710484e+00
   2.7127156e-01  -6.8983515e-01
  -2.8533721e+00   9.9611735e-02
  -1.5343090e+00  -1.5651915e+00
   2.3703283e-01  -1.9075085e-01
   3.1233062e-01  -1.5464854e+00
  -1.2515662e+00   1.0606710e+00
   2.6741658e-01   1.6987911e+00
  -1.9658663e+00  -2.3512148e-01
   1.9706453e-01   3.0226231e-01
   8.9801861e-01   7.3252413e-01
   1.8507503e-01   2.3828417e+00
   5.1140026e-02   5.7148964e-01
   5.3323671e-01  -2.1066596e-01
   1.0108773e+00   1.2144642e+00
  -1.1740112e+00   1.1242495e+00
   1.3631821e-02  -3.8010362e-01
   8.3752265e-01   1.9367600e+00
  -1.4665298e+00   1.4174407e-01
   1.4251490e-02   2.1599707e+00
   1.5395930e-01  -1.0520111e+00
   1.8854286e-01   7.4111063e-02
   6.1358693e-01  -2.3990423e+00
   1.1395345e+00   2.9190125e-01
  -3.2210437e-01   1.0798974e+00
  -5.2681924e-01  -2.0591697e-01
   9.8891600e-01   3.2535212e-02
  -1.0672185e+00   9.1625095e-01
   1.5203848e+00  -1.3892823e-01
   1.1599335e+00   7.1881791e-01
   1.1478763e+00  -1.8885823e-01
   9.1530857e-01   2.3225605e-01
   7.2404245e-01  -4.8282831e-01
  -3.2047330e-01   1.5444400e+00
   1.3892690e+00  -3.1851714e-01
  -6.4531279e-01   8.1961860e-01
  -7.2767104e-01   1.5263161e+00
  -1.1051496e-01  -4.6177277e-02
   1.0210281e-01  -1.0547088e+00
  -4.7241122e-01  -3.0291094e-01
   1.5333045e+00   5.1475602e-01
   5.2042339e-01   8.2352611e-01
  -1.5223560e+00  -1.8665104e-01
  -2.8479622e-01  -3.4273110e-01
  -1.2791608e+00   5.1723345e-01
   4.8108851e-01  -1.3420424e+00
  -2.1664010e+00   1.1238536e-01
  -1.0466385e+00   3.6416670e-01
   9.6187514e-02   6.3732148e-01
   4.2275285e-01   7.5043065e-02
  -7.3820796e-01   1.5547321e+00
   9.9923085e-02  -5.0276725e-01
  -8.6872845e-01  -4.9434799e-01
  -7.3739453e-01  -1.2736335e-01
   2.0105757e+00   1.0487839e+00
  -3.9245435e-01  -1.4518717e-01
  -2.2882435e+00   6.2635225e-01
  -1.2721711e+00   8.6331930e-01
  -1.4720000e+00  -1.0093293e+00
  -1.3247093e+00  -2.8608696e-01
  -1.8426421e+00   1.4665298e+00
  -1.9130555e+00   1.2049509e-01
   1.7270004e+00   7.8583964e-01
  -5.6203133e-01  -1.3925292e+00
   6.4188292e-01  -2.6260342e-01
   2.7352216e-01  -2.3828417e+00
   4.6135585e-01   8.1745316e-01
   2.1003249e-01   2.0835422e+00
  -3.5161544e-01  -1.2374531e+00
   9.5171142e-01   1.2707806e+00
   5.4326340e-01  -2.3547319e-02
   1.2611152e+00   1.1394434e-01
   1.2911887e+00   3.5194502e-01
  -1.1478763e+00   2.6613247e-01
  -2.5107641e-01   2.9837317e-01
  -2.0718291e-01  -2.9157797e-01
  -9.4442761e-01  -1.2515662e+00
  -1.1737506e-01  -1.1958913e+00
  -4.1666292e-01   1.1771025e+00
   6.3656253e-01  -5.9056191e-01
   9.8740159e-01   4.0654714e-01
  -5.6893818e-01   8.3708278e-01
  -2.6934357e-01  -1.1389417e+00
   1.5343090e+00   1.5413841e+00
  -1.3239647e+00   1.9188811e+00
   9.7121279e-02  -2.1351049e+00
  -2.6516968e-01   1.7688709e-01
   5.3538074e-01  -7.3414566e-01
   4.4385154e-01  -1.2961961e+00
   9.6002793e-01   3.8944468e-01
  -1.4268349e+00   1.0933154e+00
   4.7796055e-01  -5.9019313e-01
   1.2216198e+00  -5.3788523e-01
   4.1126260e-01   7.9133592e-01
   2.0754657e+00   1.0023445e-01
   5.4649785e-01  -1.3955388e-01
  -7.5046875e-01  -1.0428302e-01
   1.4337277e+00  -3.0675456e-02
   1.1277535e+00  -2.5587519e-01
   3.0745497e-01  -1.3779731e+00
  -1.5673041e+00   6.4112176e-01
   6.9377076e-01   1.1389417e+00
  -1.3673890e-01   5.9536346e-01
   1.1097961e+00   1.3852145e+00
  -2.2927542e-02   1.4073865e+00
   3.0713018e-01  -1.1984286e+00
  -1.1532813e+00  -1.0343947e+00
   5.0769496e-01   2.8415102e-01
   7.7784904e-01   1.1051496e-01
  -2.1999749e+00  -8.4458276e-01
  -5.6820987e-01   7.2363986e-01
  -5.6930244e-01   1.3692195e+00
   4.3361841e-01  -5.1546354e-01
  -2.1442748e+00  -1.5526605e+00
  -4.0285480e-02   6.0612450e-01
  -1.0525500e+00  -1.0349238e+00
  -7.2605716e-01   9.6101071e-01
  -2.0890030e+00  -8.0154626e-01
  -2.1763976e-01  -2.3225605e-01
   1.1914696e+00  -1.5263161e+00
   7.2444516e-01   1.5877316e+00
   1.5662469e+00  -2.3130134e-01
   2.8720173e+00   6.0203453e-01
  -6.4074131e-01  -1.7594310e-01
  -4.0924058e-01   1.3012157e-02
   8.0411191e-01   3.6615368e-01
   2.0890030e+00   1.4337277e+00
  -3.0615603e-01  -4.1767683e-01
   6.1069426e-02   1.0461029e+00
   6.6180623e-01   1.1721617e+00
   5.2361864e-01  -4.9855320e-01
   1.3747778e+00  -4.4316546e-02
   1.7972000e-01  -3.0453309e-01
   1.6582423e+00  -9.2476935e-01
   7.4065120e-01   1.9138187e-01
   1.1330355e+00  -2.6902233e-01
  -5.6784582e-01   7.6408729e-01
   1.2763574e+00  -8.0325611e-01
   1.1348032e+00  -6.5718546e-01
  -6.1508352e-01  -4.6756747e-01
   8.7825616e-01  -8.9154612e-01
   2.4979771e-01  -8.3708278e-01
  -1.0196954e+00   2.5587310e+00
   1.1184401e+00   5.0452574e-01
  -6.3126010e-01  -9.2334496e-01
   8.9200720e-01  -9.7736281e-01
   1.0450326e+00   1.0103611e+00
   1.1035095e+00   9.0313065e-01
   6.3998070e-01  -2.2081316e-01
  -7.4555099e-01  -1.6077148e+00
   5.9610338e-01   7.5787962e-01
  -3.1295363e-02  -5.0209419e-02
  -2.8505875e-02  -7.9393282e-02
   4.9085032e-01   7.6035917e-01
   1.0285935e+00  -7.3861486e-01
   1.0275424e+00   4.2444728e-01
  -1.3676392e+00  -2.4085815e-01
   5.5840691e-01   5.1404877e-01
  -2.4245307e-01  -2.2594780e+00
   6.3542479e-01   1.9552803e+00
  -1.1115183e+00  -8.1918520e-01
   9.0033935e-01  -8.0368394e-01
  -1.2468342e+00  -8.0668287e-01
   7.0564275e-01   7.8288992e-01
  -3.8610473e-01  -1.4638111e+00
  -1.5651915e+00  -3.8777416e-01
   2.4213403e-01   5.1760456e-02
   1.4236996e-01  -2.4819992e-01
  -1.0423621e+00  -1.6948699e+00
   4.1970594e-01   2.5754449e+00
  -2.9448853e-01  -1.0334858e-01
   2.1383458e-01   3.2438932e-01
   1.5393548e+00   9.9856046e-01
  -1.6807104e+00  -3.1168011e-01
  -6.3239483e-01   1.6588345e-01
   1.0301722e+00   5.1865055e-01
  -1.2522445e+00   1.5164601e+00
  -6.9534802e-01   6.8747890e-01
  -7.4187448e-01  -7.6160070e-01
  -1.6485197e+00  -6.0761427e-01
  -1.0793425e+00  -1.8325843e+00
  -4.3975277e-01  -1.3489359e+00
  -8.0111916e-01   1.5801288e+00
  -1.9580118e-01  -1.3473985e+00
  -9.2453284e-02  -9.9093876e-01
   7.1841684e-01   3.3465132e-02
  -5.2326335e-01  -2.0808349e+00
   8.2048585e-01   6.9732203e-01
   1.1893493e-01   1.5578521e+00
   1.8721989e+00  -1.1612737e-01
  -1.8848598e+00   1.5822917e+00
   6.5987920e-01  -1.0077838e+00
  -2.6613247e-01   1.1425046e+00
  -1.7728258e+00  -7.8837343e-01
   2.8899288e-01   1.5662469e+00
  -1.1924694e-01  -2.2144810e-01
   1.2401223e+00   6.6334962e-01
   2.8544153e-01  -1.2275212e+00
   3.5600513e+00   3.1233062e-01
   1.0223041e+00   4.4727289e-01
   5.0209419e-02  -5.1192854e-01
  -3.0648072e-01  -1.3466309e+00
  -1.6588345e-01   1.5019467e+00
  -1.3114168e+00  -9.3863644e-01
  -3.9479767e-01  -2.4912293e+00
  -1.3298729e-01   3.6814211e-01
  -1.0595841e+00   7.3130924e-01
   2.1068265e-02  -8.5838301e-01
  -4.8840551e-01  -7.4800761e-01
  -9.7486847e-01   5.0839992e-01
   1.2281796e+00  -4.4936773e-02
  -9.2905380e-01  -2.4245307e-01
   1.2080716e-01  -1.0139806e+00
   1.7423425e+00   1.6260329e+00
   6.8277782e-01  -7.2243280e-01
  -8.6692259e-01   1.8721989e+00
   7.5129014e-01   5.3430842e-01
  -8.4679769e-01   6.1097121e-01
  -8.7234872e-01   1.7423425e+00
  -1.9359105e-01  -2.3935720e+00
  -8.0154626e-01  -3.3092711e-01
  -5.5765100e-03   9.2476935e-01
  -8.8511076e-01   1.0280678e+00
   4.2716089e-01  -1.4345941e+00
  -4.7068004e-01  -2.7384379e-01
  -1.3876445e+00  -9.6248663e-01
  -2.5052693e+00   3.1688794e-01
   4.5035659e-01  -1.3868336e+00
   1.2926161e+00   1.1599335e+00
   8.2875578e-01  -6.8591019e-01
  -1.0905038e+00  -1.1611485e+00
  -5.0065912e-01   3.3649537e-01
  -3.5128590e-01  -6.0352062e-01
   5.9536346e-01  -6.7899324e-02
  -3.9345837e-01  -6.5066328e-01
   1.6305724e-01  -1.8097954e-01
  -3.0980500e-03  -4.2851888e-01
  -5.2895597e-01   8.3269295e-01
  -2.6549058e-01   1.1092228e+00
   5.0417392e-01  -1.7107144e+00
   3.2225245e-02   6.3239483e-01
   1.0085719e-01  -1.4415644e+00
   1.0978320e+00  -2.2049572e-01
   1.1020326e-01   7.0207078e-01
  -5.5442850e-01  -1.6274330e-01
   6.2672924e-01   3.2536910e-01
  -1.2022490e+00  -1.9548539e-01
   2.4158981e+00   4.6411436e-01
  -3.2177809e-01  -1.8114071e+00
  -1.1581547e-01  -1.1908398e+00
   5.8430342e-01  -4.5447486e-01
   2.3958265e-01  -8.6017560e-01
   8.4414027e-01   1.9788675e+00
  -1.7405559e-01   1.8192438e-01
   5.3001375e-02   2.1473719e+00
  -3.8243575e-01   7.0524542e-01
   5.0276725e-01  -2.1143808e+00
  -6.2333953e-01  -9.8236983e-01
  -2.3512148e-01   1.1946256e+00
   3.6875092e-02  -6.2823809e-01
  -1.1908398e+00   2.2335347e-01
  -6.0910540e-01  -1.2986237e-01
  -3.7577800e-01   1.0754677e+00
   1.6133812e+00   8.2701004e-01
   9.0639609e-01  -1.7451765e+00
  -3.3682324e-01   1.0921897e+00
   2.6452795e-01   4.1598722e-01
   2.3236205e+00  -2.3002871e-01
   6.4340637e-01   6.8157519e-03
  -2.6420713e-01  -7.2283504e-01
   1.9990824e-01  -1.4793628e+00
  -4.2546452e-01  -9.3144144e-01
  -1.8375899e+00  -7.3820796e-01
   1.8325843e+00   2.7062879e-01
  -6.3552679e-02   2.9222455e-01
   8.4016528e-01  -9.0733085e-01
   9.9144508e-01   9.5876277e-02
  -6.9416492e-01   2.3571557e+00
   6.2899306e-01   1.4550026e-01
   2.6709551e-01   1.3034064e+00
  -1.2334657e+00  -6.5257868e-01
   9.9296557e-01  -1.5536955e+00
  -1.5844620e+00  -2.5587310e+00
  -1.0972662e+00   1.3204968e-01
   8.4237197e-01   2.9060834e-01
  -3.0420859e-01   5.5483461e-02
   1.1436954e+00  -8.3123232e-02
  -8.0325611e-01  -1.3958042e+00
  -1.1248326e+00   1.2645536e+00
  -1.8885333e+00  -2.5779635e-01
   9.3815526e-01   2.0908244e-01
   2.4756098e-01  -1.0705094e+00
   8.5035024e-01   1.0950065e+00
  -5.3621865e-02  -9.5806515e-01
  -5.3430842e-01   4.2851888e-01
  -8.4055898e-02   2.4843894e+00
  -1.1758646e+00  -1.6974811e+00
  -1.0243960e+00  -1.0646372e-01
  -3.8376933e-01  -2.1161632e-01
   6.9455918e-01   5.3311618e-02
  -8.7370927e-01   3.9044751e-01
  -6.2635225e-01   6.8082348e-01
   2.9448853e-01   2.9125741e-02
  -8.6963245e-01  -1.0243960e+00
  -2.6003890e-01  -1.5029045e+00
   4.5138544e-01  -1.3352121e+00
  -1.2705103e-01  -2.7725595e+00
  -1.8580875e+00  -1.5505955e+00
  -1.3708033e+00   7.9303190e-01
   9.1295615e-01  -1.1190194e+00
   1.0366005e-01  -7.7528724e-02
  -1.2299197e-01   5.2361864e-01
  -3.1395748e-01  -2.8092682e-01
  -3.3465132e-02  -9.7536685e-01
   6.7342057e-01  -2.8834691e-01
  -9.8740159e-01   8.1658805e-01
   2.6336427e-02  -1.6368517e-01
  -7.6574764e-01  -4.9568924e-03
   1.3450983e+00   4.9899226e-02
  -6.7887174e-01   2.3639562e-01
   5.9425420e-01  -3.2831031e-01
   4.1835301e-01   9.0275582e-02
   3.5029751e-01   4.8074073e-01
   2.2925113e+00   3.5062693e-01
   4.5001374e-01  -1.9307316e+00
   7.6616306e-01  -7.8150213e-02
  -9.8287188e-01  -6.8238674e-01
   3.2308343e-01  -6.1545788e-01
   9.8689729e-01   6.0426417e-01
   8.9570270e-01  -1.2798632e+00
  -2.7899370e-01   7.2283504e-01
   7.9941224e-01   1.7367162e+00
  -9.3767430e-01  -2.6452795e-01
   3.3551198e-01  -2.5427027e+00
  -5.1440236e-01   6.9141455e-02
  -3.6251198e-01  -2.9643029e-01
  -8.6232405e-02  -1.1789626e+00
  -7.3009544e-01  -9.2764420e-02
  -2.2780251e-01  -9.4539588e-01
   3.8777416e-01  -8.6242023e-01
  -1.6839675e-01   1.6693710e+00
  -3.3551198e-01  -5.3466579e-01
  -5.8276216e-02   6.5449648e-01
  -1.0181335e+00   1.0905038e+00
   1.7040073e-02  -1.1920998e+00
  -1.3344570e+00   1.4894525e-01
   3.6052763e-01  -1.3114168e+00
  -8.7325557e-01   9.3697881e-02
  -3.0777978e-01   3.4963877e-01
  -8.4414027e-01   3.0388413e-01
  -8.7552585e-01  -4.0385666e-01
   4.1869117e-01   8.4502541e-01
  -1.0716090e+00   8.8099303e-01
  -2.4883896e-01  -3.2994555e-01
  -2.5491496e-01   4.5619308e-01
   2.1997894e-02  -1.1783421e+00
   1.3070371e+00  -3.8510358e-01
  -8.4591122e-01   2.6035937e-01
  -1.2763574e+00  -4.1497402e-01
  -3.5920551e-01   5.6203133e-01
  -1.2986237e-01   1.7201590e+00
  -6.5028048e-01  -1.7349923e-02
   9.1519930e-02   2.0401869e-01
   1.6494123e-01   5.7696965e-01
   1.0296457e+00  -8.4677716e-02
  -8.1658805e-01   1.3755753e+00
   1.6807104e+00   7.6990779e-01
   6.9140811e-01   1.9072941e+00
   6.6489460e-01   4.4624594e-01
  -2.9384153e-01   3.0119824e+00
   2.6035937e-01   2.0862648e+00
  -2.1605389e-01  -1.3217352e+00
  -1.6271961e+00  -1.0661241e+00
  -1.5620357e+00   8.8008001e-01
   1.0843484e+00  -6.1059788e-01
  -2.3830755e-01   2.6112053e+00
  -5.3002525e-01   6.5028048e-01
  -5.4901749e-01   5.0875250e-01
  -7.3576912e-01  -7.3179126e-02
   1.0961357e+00   2.8640972e-01
  -2.2653090e-01  -1.4557191e+00
  -4.2478631e-01   1.5758251e+00
  -6.5910907e-01  -1.9072941e+00
  -4.9119981e-01  -2.0597074e+00
  -1.5641379e+00  -2.7899370e-01
  -4.3702436e-01  -1.7216870e-01
   1.0623036e+00  -1.1184401e+00
   9.3383440e-01   1.6706204e+00
  -1.1508749e+00   1.6594687e+00
  -1.5599405e+00   1.0683142e+00
   1.5125587e+00  -9.6810014e-02
   2.7447277e+00   4.4761531e-01
   9.3527275e-01  -1.8615807e+00
   1.5888252e+00   1.1569034e+00
   7.6408729e-01  -5.0910514e-01
  -2.8770106e-01  -5.5768291e-01
   1.5987545e+00  -5.7806773e-01
   4.1564944e-01   9.2453284e-02
  -1.2112321e+00  -6.3201650e-01
  -9.4830604e-01  -3.5491296e-01
   1.1927306e+00   6.3770109e-01
  -1.0461029e+00  -3.7644302e-01
  -1.5413841e+00   3.5623304e-01
   1.8409528e+00   7.5087938e-01
  -2.5939804e-01   4.7417853e-02
  -6.7031458e-01   2.3011743e+00
  -5.4254540e-01   3.7311958e-01
   1.7215209e+00   4.0385666e-01
  -4.4316790e-01  -6.6064971e-01
   9.0733085e-01   6.8983515e-01
  -1.0072691e+00  -1.9267513e+00
   6.7147857e-01  -7.1315441e-02
  -5.5587418e-01  -1.5454619e+00
   1.6156623e+00  -4.3702436e-01
  -1.1920998e+00  -1.2236768e-01
   4.6549494e-01  -4.8980218e-01
   1.0854645e+00   1.2341289e+00
  -1.2736335e-01  -2.7159299e-01
  -8.0550043e-03   1.5019841e-01
  -1.3512480e+00   8.8419441e-01
  -1.3582282e+00  -9.4976414e-01
  -9.1813817e-01   1.6807104e+00
   1.4007451e+00   1.7499926e-01
   1.6745414e-01  -1.9518923e-02
   9.1672245e-01  -7.4111063e-02
   1.7987681e+00  -6.6967795e-02
   1.3209935e+00   1.2330413e-01
  -1.2847978e+00   1.3566713e+00
   2.0369883e+00   7.3495715e-01
  -2.0248073e+00  -9.1625095e-01
  -9.1436699e-01  -8.9844516e-03
  -4.5310125e-01  -1.8003486e-01
  -6.4607601e-01  -1.3329491e+00
  -5.1263502e-01  -1.7508869e+00
  -9.4491163e-01  -2.3376719e+00
  -1.2361218e+00  -1.4082210e+00
  -1.4849380e+00   6.0092083e-01
   3.7378394e-01   2.4468699e-01
   8.0625401e-01   8.0282843e-01
  -3.4395081e-02  -6.4454994e-01
  -1.6214022e+00   3.6255068e-02
  -1.1080773e+00   3.6185037e-01
   1.0155359e+00  -2.9934503e-01
  -2.5619532e-01  -3.3944749e-01
  -2.2525966e-01  -6.4188292e-01
   4.2241411e-01   6.4989778e-01
  -1.1238536e-01   5.9240705e-01
  -3.6565078e-02   1.7405559e-01
   1.9832766e+00   3.8476996e-01
  -1.2086556e+00  -1.0727099e+00
   1.8899200e-02   1.3684289e+00
   3.3583974e-01  -3.9781370e-01
   3.7943768e-01  -9.6791636e-01
   2.5587310e+00   2.7886019e-02
  -7.9898587e-01  -1.0272568e-01
  -1.8178366e+00   1.2138168e+00
  -1.9201297e-01  -2.6196213e-01
  -3.2406279e-01  -8.2831911e-01
   1.2203141e+00   6.1658148e-01
  -6.3050406e-01   6.0166321e-01
   1.8528898e+00   4.3157725e-01
  -1.3111218e-01  -1.2502114e+00
  -7.5293444e-01  -7.3536308e-01
  -2.1288377e-01   2.8511886e-01
  -1.9810672e+00  -4.5619308e-01
   1.1858185e+00  -3.5194502e-01
  -1.4737913e-01  -9.4056332e-01
   1.0280678e+00   1.3644887e+00
   1.4406893e+00   1.8279484e-02
   4.5344457e-01   1.9548539e-01
   3.3420130e-01  -1.0579562e+00
   2.6324482e-01   8.2812359e-02
   1.3941649e+00   6.4302537e-01
   5.2859969e-01  -3.0985408e-02
  -1.2583752e+00   7.2726739e-01
   4.0049765e-01   8.3840288e-01
   7.8162784e-01   9.2050180e-01
  -4.5894504e-01   1.6769066e+00
   2.6003890e-01   1.7153987e-01
   3.1428296e-01  -1.5489987e-01
  -3.5062693e-01   1.0444979e+00
   2.5747609e-01  -1.0623036e+00
  -5.5695920e-01  -1.6260329e+00
   6.1396095e-01  -2.2287406e+00
   4.4932821e-01  -1.9387852e+00
   2.6613247e-01  -2.6019492e+00
   3.3387372e-01   5.5623578e-01
  -1.8721989e+00  -2.9610659e-01
   1.4566135e+00   1.5145180e-01
  -1.4957180e-01  -1.7610197e+00
  -2.0105757e+00  -4.5550563e-01
   9.4152807e-01   9.9043269e-01
   1.2235822e+00   4.1429880e-01
