   9.8068500e+01   2.0000000e+00
   2.4935040e+02   0.0000000e+00
   2.0882430e+02   1.0000000e+00
   2.3250060e+02   1.0000000e+00
   2.0429550e+02   0.0000000e+00
   2.8454850e+02   0.0000000e+00
   2.5214760e+02   0.0000000e+00
   2.7768870e+02   0.0000000e+00
   2.8937700e+02   0.0000000e+00
   2.7589050e+02   0.0000000e+00
   2.5148160e+02   0.0000000e+00
   1.2167820e+02   4.0000000e+00
   2.5337970e+02   0.0000000e+00
   1.7802180e+02   1.0000000e+00
   2.0995650e+02   1.0000000e+00
   1.2291030e+02   1.0000000e+00
   2.4032610e+02   1.0000000e+00
   2.5411230e+02   0.0000000e+00
   1.2554100e+02   1.0000000e+00
   2.6536770e+02   0.0000000e+00
   2.2224420e+02   0.0000000e+00
   2.5497810e+02   0.0000000e+00
   2.2051260e+02   1.0000000e+00
   2.4838470e+02   1.0000000e+00
   2.7928710e+02   0.0000000e+00
   1.4378940e+02   1.0000000e+00
   2.3136840e+02   2.0000000e+00
   2.3902740e+02   2.0000000e+00
   3.1731570e+02   0.0000000e+00
   2.0765880e+02   1.0000000e+00
   2.4948360e+02   0.0000000e+00
   2.1788190e+02   0.0000000e+00
   2.8544760e+02   0.0000000e+00
   2.4598710e+02   1.0000000e+00
   2.5690950e+02   0.0000000e+00
   2.1168810e+02   2.0000000e+00
   2.1235410e+02   1.0000000e+00
   2.7902080e+02   0.0000000e+00
   1.4535450e+02   3.0000000e+00
   2.4055920e+02   0.0000000e+00
   1.7732250e+02   1.0000000e+00
   2.1365280e+02   2.0000000e+00
   2.6340300e+02   1.0000000e+00
   2.5178130e+02   2.0000000e+00
   2.3489820e+02   0.0000000e+00
   1.2330990e+02   1.0000000e+00
   1.5258060e+02   1.0000000e+00
   2.2913730e+02   0.0000000e+00
   2.3796180e+02   0.0000000e+00
   1.9870110e+02   1.0000000e+00
   2.3493160e+02   0.0000000e+00
   2.1678310e+02   1.0000000e+00
   2.4981670e+02   0.0000000e+00
   2.0892420e+02   0.0000000e+00
   2.6060590e+02   1.0000000e+00
   2.8265040e+02   1.0000000e+00
   2.8081900e+02   0.0000000e+00
   2.4195780e+02   0.0000000e+00
