   1.0193130e+02   5.0000000e+00
   2.6087220e+02   0.0000000e+00
   1.9483830e+02   0.0000000e+00
   2.1192120e+02   1.0000000e+00
   2.4598710e+02   1.0000000e+00
   2.6237070e+02   0.0000000e+00
   1.9137510e+02   1.0000000e+00
   2.2877100e+02   1.0000000e+00
   2.4105870e+02   0.0000000e+00
   2.3533110e+02   1.0000000e+00
   2.2634010e+02   1.0000000e+00
   2.1804840e+02   0.0000000e+00
   2.4172470e+02   0.0000000e+00
   2.1152160e+02   2.0000000e+00
   2.2773870e+02   0.0000000e+00
   2.3280030e+02   1.0000000e+00
   2.3896080e+02   0.0000000e+00
   2.5444530e+02   0.0000000e+00
   2.4975000e+02   0.0000000e+00
   2.1331990e+02   0.0000000e+00
   2.0982330e+02   1.0000000e+00
   1.7162820e+02   2.0000000e+00
   2.1172140e+02   0.0000000e+00
   1.7369280e+02   0.0000000e+00
   2.3073570e+02   0.0000000e+00
   2.8061910e+02   0.0000000e+00
   2.0855800e+02   2.0000000e+00
   1.8038610e+02   0.0000000e+00
   1.2487500e+02   1.0000000e+00
   2.1122190e+02   0.0000000e+00
   2.5847460e+02   1.0000000e+00
   2.1628350e+02   1.0000000e+00
   1.2747240e+02   3.0000000e+00
   2.4771870e+02   0.0000000e+00
   2.1798180e+02   2.0000000e+00
   2.5807500e+02   1.0000000e+00
   2.6759880e+02   0.0000000e+00
   2.5541100e+02   0.0000000e+00
   2.4482170e+02   0.0000000e+00
   2.1908070e+02   3.0000000e+00
   2.3692950e+02   1.0000000e+00
   2.5684290e+02   1.0000000e+00
   1.2224430e+02   1.0000000e+00
   2.1841470e+02   0.0000000e+00
   2.4831810e+02   2.0000000e+00
   1.8388260e+02   2.0000000e+00
   2.4818490e+02   0.0000000e+00
   2.0522790e+02   1.0000000e+00
   1.6093890e+02   3.0000000e+00
   2.1511800e+02   1.0000000e+00
   2.3499810e+02   1.0000000e+00
   2.3040270e+02   0.0000000e+00
