   2.2737240e+02   2.0000000e+00
   2.5024950e+02   1.0000000e+00
   2.0332980e+02   0.0000000e+00
   2.0169810e+02   2.0000000e+00
   2.5411230e+02   0.0000000e+00
   2.6879760e+02   0.0000000e+00
   2.1225420e+02   1.0000000e+00
   2.5417890e+02   0.0000000e+00
   1.8468180e+02   1.0000000e+00
   3.0309660e+02   1.0000000e+00
   2.4871770e+02   0.0000000e+00
   2.5767540e+02   1.0000000e+00
   1.3000320e+02   3.0000000e+00
   2.7472500e+02   1.0000000e+00
   3.3220080e+02   0.0000000e+00
   1.9030950e+02   2.0000000e+00
   2.8717920e+02   0.0000000e+00
   1.8058590e+02   1.0000000e+00
   2.5993980e+02   0.0000000e+00
   2.7409230e+02   1.0000000e+00
   2.1351960e+02   0.0000000e+00
   2.5174800e+02   0.0000000e+00
   1.0392930e+02   2.0000000e+00
   2.0662660e+02   1.0000000e+00
   2.3433210e+02   1.0000000e+00
   2.2673980e+02   0.0000000e+00
   2.2657320e+02   3.0000000e+00
   2.7788850e+02   0.0000000e+00
   1.3306680e+02   1.0000000e+00
   2.8265040e+02   1.0000000e+00
   2.5597710e+02   0.0000000e+00
   2.7752220e+02   0.0000000e+00
   2.5417890e+02   2.0000000e+00
   2.1518460e+02   1.0000000e+00
   2.4458850e+02   0.0000000e+00
   2.3446530e+02   0.0000000e+00
   1.7435880e+02   2.0000000e+00
   2.1078900e+02   2.0000000e+00
   2.4209100e+02   3.0000000e+00
   2.7296010e+02   0.0000000e+00
   2.6839810e+02   0.0000000e+00
   1.7296020e+02   1.0000000e+00
   2.4162480e+02   0.0000000e+00
   2.2627350e+02   0.0000000e+00
   2.0203110e+02   0.0000000e+00
   2.6843130e+02   0.0000000e+00
   2.8454850e+02   0.0000000e+00
   2.1731590e+02   0.0000000e+00
   2.2727250e+02   0.0000000e+00
   2.1238740e+02   0.0000000e+00
   2.4352290e+02   3.0000000e+00
   2.0865780e+02   0.0000000e+00
