   9.5953689e-01  -4.2410829e-01
   8.0014862e-02  -2.9966904e-01
   1.7270004e+00   7.8583964e-01
   1.5646777e-01   7.4841748e-01
  -6.2597535e-01   3.8110285e-01
  -3.9312365e-01  -2.2882435e+00
  -3.8911049e-01   1.4468385e+00
  -1.5683630e+00  -9.0452895e-01
  -7.8373200e-01   1.6461132e+00
   2.0272195e+00   1.3949841e+00
   8.9755504e-01  -1.2082670e-02
  -1.0899425e+00  -4.6653095e-01
   1.3543422e+00   9.1107785e-01
  -1.8948903e-01  -7.7533600e-01
   5.8540619e-01   6.0798693e-01
  -2.3926384e-01   3.3256376e-01
   1.7698511e+00   7.0564275e-01
  -9.2429435e-01   5.2504047e-01
   9.2953091e-01   9.0033935e-01
  -4.7206487e-01  -1.5844620e+00
  -5.3967622e-01   4.5246892e-02
  -1.1709310e+00   1.1413153e+00
  -7.8457464e-01  -2.4404860e-01
   1.8959577e+00   1.0434294e+00
   1.0349238e+00   6.7536511e-01
  -5.8586550e-02  -1.4971786e+00
   4.8910373e-01   1.8019009e+00
  -3.3485657e-01  -9.6643270e-01
  -1.3284435e+00  -1.9111280e+00
  -1.6271961e+00  -1.0661241e+00
  -1.0615216e-01  -4.9364797e-01
  -6.1379812e-02  -1.4593038e+00
  -1.3486286e-01   4.5138544e-01
  -3.8110285e-01  -1.0119107e+00
  -4.9750108e-01   1.6902524e-01
  -5.5081936e-01   9.8437954e-01
   3.2602245e-01   1.6117383e-01
   4.9574875e-01   1.5403686e+00
  -6.6837662e-01   5.2255297e-01
   1.2580187e-01  -3.0648072e-01
   1.2016110e+00   1.6295290e+00
  -1.5009904e+00   5.6893818e-01
   7.5540472e-01   1.1143959e+00
   2.4564476e-01   2.9545927e-01
   6.2597535e-01  -1.2105872e+00
   1.6420377e-02   2.8899288e-01
  -2.5587519e-01   1.1684749e+00
  -7.9685621e-01  -3.6251198e-01
   1.2118775e+00   1.7248314e-01
  -4.5310125e-01  -1.8003486e-01
   5.1263502e-01   2.8124911e-01
   5.3180872e-01  -1.3637032e+00
  -7.8246909e-01   1.8381455e-01
  -1.6248720e+00   3.6118892e-01
   1.4775146e+00   5.0804741e-01
   8.2744624e-01   1.0482471e+00
   1.0455676e+00  -1.2576917e+00
   1.4398153e+00  -6.0759047e-02
  -3.1295363e-02  -5.0209419e-02
  -4.9539847e-01  -2.6292411e-01
   4.4009405e-01   1.3795760e+00
  -8.5927896e-01   6.3552679e-02
  -2.3098315e-01   1.6756441e+00
   8.1879789e-02   4.6135585e-01
  -2.2494190e-01   7.7241029e-01
  -1.0312261e+00   9.1436699e-01
   1.4487409e-01   1.7562847e-01
   1.6839675e-01   4.3463966e-01
  -6.9141455e-02   1.1109439e+00
  -6.2409218e-01  -1.7773176e+00
  -8.9844516e-03  -1.6248720e+00
  -5.5442850e-01  -1.6274330e-01
   1.8146125e+00  -7.1626038e-02
  -5.5551265e-01   6.3922047e-01
  -2.4102031e+00   6.8669433e-01
   2.3862629e-01  -4.1970594e-01
  -5.8210001e-01  -1.6111084e+00
  -1.1839432e+00   6.1808082e-01
  -4.9644950e-01   3.2243069e-01
   1.3941649e+00   6.4302537e-01
   9.6940215e-01   6.6915150e-01
  -3.3155156e-02   1.0541687e+00
  -1.4550026e-01   1.3497058e+00
  -8.6872845e-01  -4.9434799e-01
   5.7550663e-01   3.0291094e-01
  -2.0754657e+00  -1.7688709e-01
   7.3617529e-01  -4.4626657e-02
  -8.0154626e-01  -3.3092711e-01
   2.6870113e-01  -6.9811239e-01
  -2.0528413e-01  -1.2060870e+00
  -5.4254540e-01   3.7311958e-01
   5.5804487e-01  -8.6286968e-01
   7.7199287e-01   1.5181004e-02
   7.8771732e-02  -2.7352216e-01
  -1.8980445e-01   4.9539847e-01
  -1.1889533e+00  -2.3480300e-01
  -9.8437954e-01  -4.6445942e-01
   1.2997928e+00   3.7577800e-01
   1.4017958e-01   6.9377076e-01
  -1.1448879e+00  -3.6875092e-02
   9.2905380e-01  -8.7787303e-02
   2.8533721e+00   7.8771732e-02
  -3.4733437e-01  -8.2309132e-01
  -1.9611699e-01   1.0694112e+00
  -1.1063617e+00   1.5233438e+00
  -7.8078714e-01   1.6570184e+00
  -2.0152743e+00   6.2000601e-02
  -4.7107702e-02  -2.5198213e+00
  -4.1429880e-01  -9.3431363e-01
   6.6644117e-01  -6.1960906e-04
  -1.0471744e+00  -1.6156623e+00
   5.8614177e-01  -8.7165318e-02
  -2.5619532e-01  -3.3944749e-01
  -1.8381455e-01   1.1448879e+00
   5.1228175e-01  -1.0832336e+00
   1.0428302e-01  -2.0917569e+00
   1.3284435e+00   4.2105964e-01
  -1.2448148e+00   1.8162222e+00
  -3.1102972e-01   3.5656316e-01
   2.8576423e-01   4.4521946e-01
  -1.0428302e-01  -1.2707806e+00
  -1.4896195e+00  -8.1227166e-01
  -5.3073843e-01   2.0059211e+00
  -6.7497600e-01   1.0119107e+00
  -3.9580261e-01  -1.3999192e+00
  -1.7879400e+00  -3.5425315e-01
   1.2529234e+00   9.9195165e-01
   7.6285836e-02  -1.5323016e+00
  -6.2522182e-01  -5.3681147e-01
   8.6232405e-02  -6.6682806e-01
  -1.9053876e+00  -1.0865820e+00
  -4.9855320e-01  -1.9149902e+00
  -2.7641783e-01   1.1889533e+00
  -7.5746682e-01   6.6967795e-02
   5.4973802e-01   6.2710632e-01
  -5.0519616e-02  -1.6922701e+00
  -8.7098978e-01  -3.8543726e-01
   8.1572356e-01  -3.7805153e-02
  -7.1004851e-02  -3.2863729e-01
  -5.3109513e-01  -8.6232405e-02
  -9.9601346e-01   1.2904760e+00
   2.1202095e+00   3.0842951e-01
   6.6064971e-01   5.4937772e-01
   1.5270543e-01   3.2112563e-01
   1.7877554e-01  -2.1351762e-01
  -2.1202095e+00   3.0193804e-01
  -5.5985580e-01   2.9707779e-01
  -3.1851714e-01   1.1442915e+00
   1.3955388e-01  -6.2931830e-02
   1.2911887e+00   3.5194502e-01
  -2.7159299e-01   1.6974811e+00
  -8.8373652e-01  -2.1637102e-01
   5.9832509e-01   1.1581142e+00
  -1.3412804e+00  -1.4886806e+00
   1.3195123e+00   4.9890404e-01
   1.6054626e+00   1.3114168e+00
   5.9314566e-01  -6.3542479e-01
   1.4924442e+00   1.4205701e-01
   2.1668817e-01  -6.8787134e-01
   2.2748457e-01   1.8210798e+00
   4.4487740e-01   6.9771716e-01
   9.6643270e-01  -2.9902104e-01
  -1.2334657e+00  -6.5257868e-01
   1.3535674e+00   1.1086499e+00
   1.3684289e+00  -3.4766346e-01
  -1.0860231e+00  -2.3237429e-02
  -4.7587784e-01  -1.6643995e+00
   1.4468385e+00   1.0771264e+00
  -1.5048241e+00   2.2494190e-01
  -5.0734257e-01  -1.0552493e+00
   2.1567888e+00   6.0129198e-01
   4.9855320e-01  -3.5557292e-01
  -2.0296436e+00  -6.2033245e-01
  -3.3310602e+00  -1.1581547e-01
  -1.0493210e+00  -8.1356499e-01
   2.1478558e-01  -8.7598045e-01
   2.5459494e-01  -1.2742615e+00
  -1.6342216e+00   2.4784386e-03
   1.2174344e-01   4.8945293e-01
  -4.8631229e-01  -6.4645776e-01
  -2.6292411e-01   2.5052693e+00
  -1.1783421e+00  -8.4060629e-01
  -2.1261112e+00  -6.7588808e-02
   1.9149902e+00   1.3314442e+00
   5.6384631e-01   1.4032283e+00
   7.4391574e-01  -2.2715765e+00
   1.2522445e+00  -6.2000601e-02
   3.2732959e-01   4.3696337e-02
  -3.1656220e-01  -1.7639482e+00
   2.3703283e-01  -1.9075085e-01
   1.9706453e-01   3.0226231e-01
   1.8507503e-01   2.3828417e+00
  -4.3157725e-01  -7.8964222e-01
   1.2869223e+00  -3.8310245e-01
  -1.2954788e+00  -2.3055714e+00
  -4.7657184e-01   6.3050406e-01
  -2.7577415e-01   1.4015719e+00
   1.0493210e+00   8.8282128e-01
  -2.2240069e-01   3.8777416e-01
   1.5019467e+00   9.6002793e-01
   1.1332072e-01   1.1758646e+00
  -7.2565398e-01  -2.5075669e-01
   1.1740112e+00   1.8885823e-01
   4.9899226e-02   8.7280205e-01
  -9.7089009e-01  -1.9247726e+00
   1.3868336e+00  -8.1788594e-01
   4.6929612e-01  -1.0317535e+00
  -8.0754104e-01   1.6065877e+00
  -8.3576414e-01  -3.6880524e-01
   4.7275763e-01  -1.3852145e+00
   5.7623799e-01  -2.5840793e+00
   6.1097121e-01  -4.2580369e-01
   9.3383440e-01   1.6706204e+00
  -7.1521239e-01   1.2347927e+00
  -1.2700863e+00  -6.7575433e-01
   1.5758251e+00  -5.5483461e-02
  -8.0411191e-01   1.7654182e+00
   4.4936773e-02   1.1271685e+00
   7.2726739e-01   1.0877008e+00
  -1.0407633e+00  -2.4468699e-01
  -2.1442748e+00  -1.5526605e+00
   2.0345278e+00  -2.1668817e-01
   1.0254437e+00   6.4607601e-01
   7.4964786e-01   3.3190900e-01
   1.1502743e+00   1.1740112e+00
   1.2976328e+00  -6.6142062e-01
   2.3522005e+00   5.2788731e-01
  -1.1520772e+00  -1.3450983e+00
   9.8891600e-01   3.2535212e-02
  -1.6922701e+00  -3.3879121e-01
  -7.6824214e-01  -4.4385154e-01
  -1.5552698e-01  -5.3038181e-01
  -6.9732203e-01   4.3804713e-01
   2.0749945e-01   1.2392183e-03
  -1.3605696e+00   9.7743836e-02
  -6.7031458e-01   2.3011743e+00
  -7.4596012e-01  -7.1041944e-01
   6.2931830e-02  -6.5910907e-01
   1.2777579e+00   9.9398051e-01
   5.4829723e-01   7.6533236e-01
   1.8922324e+00   5.0699025e-01
   2.1700535e-01  -6.0448673e-02
  -1.2143133e-01   1.8477417e+00
  -2.2684877e-01  -9.0967123e-01
  -1.4612650e-01  -1.8899200e-02
  -4.6170047e-01  -4.8352463e-01
  -7.5293444e-01  -7.3536308e-01
   8.8970368e-01  -3.6814211e-01
  -6.1690204e-02   5.1334177e-01
   1.2767568e-01   9.6989789e-01
   2.9999309e-01  -9.8287188e-01
  -6.1770586e-01   3.6565078e-02
   6.0017878e-01   2.0138654e-02
   2.2034721e+00  -1.5740870e-01
  -1.0434294e+00  -2.5715586e-01
   2.1930601e+00   3.5788402e-01
  -1.7894741e+00  -1.2454873e+00
   5.8356864e-01   2.5506350e+00
   2.4404860e-01  -8.8602785e-01
   9.5708513e-01  -1.9573800e+00
   1.8160941e-01   2.2144810e-01
  -9.1436699e-01  -8.9844516e-03
   1.1496742e+00   1.0370432e+00
  -1.4302728e+00   7.4882749e-01
   5.7331440e-01  -3.1558518e-01
   7.1081823e-01   1.4800553e-01
   1.7610197e+00  -7.6596547e-02
  -9.9347291e-01  -1.5283052e+00
  -1.2721711e+00   8.6331930e-01
   1.8791218e-01  -1.4933884e+00
   1.7242542e+00   7.5870562e-01
  -8.0240089e-01   1.4345941e+00
   1.1132438e+00   1.4363302e+00
   7.5252318e-01  -9.3575263e-01
  -6.6798933e-01   1.6832598e+00
  -2.3723788e+00   2.5716608e-02
   4.1215666e-02  -6.5415375e-02
  -3.3027270e-01  -2.5363503e-01
   1.0170936e+00  -3.4076049e-01
   7.4555099e-01  -3.8110285e-01
  -5.0065912e-01   3.3649537e-01
   2.2798308e+00   1.0254437e+00
  -4.0823019e-01   4.1936764e-01
  -1.5475105e+00  -1.0574142e+00
   1.8866934e+00   7.2444516e-01
  -7.5043065e-02  -3.8343587e-01
   1.8528898e+00   4.3157725e-01
   8.8720343e-02   9.4008127e-01
  -8.7780065e-01   2.6805880e-01
   5.4003462e-01  -5.6203133e-01
   2.0781600e-01   7.1361292e-01
   1.3747778e+00  -4.4316546e-02
   1.7783123e-01   2.9348545e+00
   1.4863200e-01  -1.6769066e+00
  -3.0550676e-01   9.4588035e-01
  -5.5876902e-01  -1.0186539e+00
  -5.5804487e-01   3.2373630e-01
   7.6284341e-01  -5.0519616e-02
  -2.5716608e-02   8.0797035e-01
  -4.6411436e-01  -1.9511066e+00
   1.7531386e-01   3.6880524e-01
   7.3739453e-01   5.1016343e-01
   4.5867145e-02   1.4692594e+00
  -1.2580187e-01  -3.3813507e-01
   4.6514971e-01   1.6606976e+00
  -2.5349274e+00  -4.1902938e-01
   4.3804713e-01  -1.5164601e+00
   6.7926188e-01   2.0448523e-02
   5.4182769e-01   1.7910124e+00
  -5.9980787e-01   1.2067284e+00
   9.7039387e-01   1.4456103e-01
  -9.7886234e-01  -3.7013200e-01
  -1.2216198e+00   1.2791608e+00
  -1.5803607e-01  -1.3771730e+00
   6.2484518e-01  -3.9111628e-01
   1.3111218e-01  -2.2477015e+00
  -2.3011743e+00  -7.6990779e-01
   1.1126682e+00   6.6142062e-01
  -1.7783123e-01   5.8724573e-01
   1.9228013e+00   7.5293444e-01
  -1.4354616e+00  -4.5963357e-01
  -8.5883090e-01   6.8512647e-01
   3.0713018e-01  -1.1984286e+00
  -8.2005215e-01   6.8160490e-01
  -1.7877554e-01   7.1801588e-01
   1.8997094e+00   1.5678140e-01
   1.4800553e-01   1.2454873e+00
   2.1446856e-01  -4.2546452e-01
   8.1745316e-01   2.5043701e-01
  -2.4756098e-01  -1.7531386e-01
  -9.7138654e-01  -1.0000918e+00
   8.3928375e-01  -5.5009840e-01
  -2.3522005e+00   5.0101032e-01
   5.0171291e-01  -1.6668801e+00
   9.8841095e-01  -1.2455290e-01
   3.2031069e+00   4.8666101e-01
   6.4302537e-01  -1.5067493e+00
  -1.9769633e-01  -7.3211905e-01
   4.8596363e-01   2.2617657e-02
   1.9548539e-01  -6.5725846e-02
  -7.3130924e-01   6.2597535e-01
  -4.4626657e-02   1.7014199e+00
   1.3329985e-01   8.0411191e-01
  -8.5748775e-01  -6.1690204e-02
   9.9144508e-01   9.5876277e-02
  -1.4512645e+00  -8.7053716e-01
   3.4305966e-01  -5.3311618e-02
   1.0179139e-01   1.9264414e-01
   3.0842951e-01   2.1029343e+00
   3.6019704e-01   6.1961298e-03
   7.1401261e-01   1.7122548e-01
  -1.0000918e+00   7.3489765e-02
   1.2003366e+00   7.5353747e-02
  -5.8614177e-01   3.1558518e-01
   6.5718546e-01   3.1428296e-01
   1.1752463e+00  -7.6450218e-01
   4.0486525e-01   2.6934357e-01
   3.0680543e-01   5.7587227e-01
   3.5689332e-01   2.7931581e-01
   4.3395877e-01  -1.0459452e-01
  -9.0826641e-01  -2.8705533e-01
   2.2594780e+00   9.4491163e-01
  -5.9795460e-01  -8.7189556e-01
  -6.4173553e-02  -1.0439635e+00
  -1.6713997e-01  -1.5301888e-01
  -1.8227085e+00   4.3941154e-01
   9.3959944e-01  -3.3289120e-01
  -7.9393282e-02  -2.8866988e-01
  -1.4456103e-01  -8.2657400e-01
   3.2765646e-01   4.0755683e-01
  -6.8277782e-01  -2.1172861e+00
  -1.2855054e+00  -2.9125473e-01
  -1.2157606e+00   3.0745497e-01
   1.5976434e+00  -3.9747841e-01
  -1.2361218e+00  -1.4082210e+00
   7.3698799e-01  -3.7977063e-01
  -7.9855965e-01  -3.0161380e-01
  -1.5464854e+00   1.1870710e+00
   1.4393494e-01   8.4724117e-01
  -1.0428956e+00  -1.5393548e+00
   8.5614615e-01  -5.5045885e-01
  -8.0968908e-01   8.0111916e-01
   2.7996013e-01  -9.2942691e-03
   4.9644950e-01  -2.7095016e-01
   2.3100135e+00   9.5171142e-01
  -4.1767683e-01  -1.8349948e-01
   2.3416612e-01  -3.6582242e-01
   1.4602028e+00   1.2488588e+00
   1.1176185e-01  -1.0116858e-01
   9.6742157e-01  -3.6516001e-01
  -3.0985408e-02  -8.3648193e-03
   2.4053924e-01  -1.0837908e+00
   5.6414330e-02   5.1263502e-01
  -5.2717520e-01  -2.1320068e-01
   4.6273467e-01   4.2004429e-01
  -5.3824329e-01  -6.6296363e-01
   1.7788228e+00  -3.3846312e-01
  -8.8099303e-01  -4.0520153e-01
  -1.4311349e+00  -1.4456103e-01
  -2.0200179e+00   4.2455969e-02
   2.2494190e-01   1.4530429e+00
   2.0591697e-01  -8.4812864e-01
  -1.4894525e-01  -7.5170103e-01
  -4.0890374e-01   2.3522005e+00
  -7.1441242e-01   3.3583974e-01
  -2.3767014e-01  -3.0755567e+00
  -1.2392849e-01   9.1483768e-01
  -6.9495355e-01  -7.0445109e-01
   1.2805662e+00  -7.1004851e-02
  -2.3703283e-01   2.4102031e+00
  -4.8561502e-01   7.8668368e-01
  -5.6930244e-01   1.3692195e+00
  -1.4674384e+00  -6.8520376e-02
   9.8989064e-02   8.7643523e-01
   1.9469665e+00  -1.2299197e-01
   7.4800761e-01  -4.9259840e-01
   1.1383493e+00   3.4076049e-01
   2.6966483e-01  -9.1154712e-01
  -6.5449648e-01   1.2016110e+00
   1.5833759e+00   3.2634919e-01
   4.2716089e-01  -1.4345941e+00
   1.2642642e-01   1.4706595e-01
  -1.0655773e+00  -1.0854645e+00
   5.4470023e-01   5.4111025e-01
  -9.2857691e-01   1.8098113e+00
  -3.4273110e-01  -2.6324482e-01
   6.7031458e-01   1.0787880e+00
   1.2475085e+00  -4.8666101e-01
  -1.5516272e+00   1.6401384e+00
  -1.5888252e+00  -7.2969107e-01
  -8.1485967e-01  -1.2862135e+00
   2.6067987e-01  -4.9224866e-01
  -1.0639390e+00  -2.8253855e-01
  -5.9314566e-01  -5.7148964e-01
   7.4350724e-01  -4.8805649e-01
  -1.5641379e+00  -2.7899370e-01
   1.5303003e+00   2.6902233e-01
  -2.7095016e-01  -3.8210246e-01
   1.5413841e+00  -1.4831876e-01
  -6.4875026e-01   9.3096349e-01
  -1.2092989e+00  -2.6720367e+00
  -5.4146894e-01   1.2570088e+00
  -2.7513058e-01   1.8309259e+00
  -9.9856046e-01   6.3466676e-01
  -1.4183131e+00  -1.0428956e+00
  -1.6389504e+00  -8.7507143e-01
  -7.7366335e-01  -1.3543422e+00
  -1.0139806e+00  -1.9788675e+00
   3.1623649e-01  -5.9517585e-02
  -1.2111924e-01  -4.8700979e-01
  -4.1261155e-01   3.7744087e-01
  -7.5787962e-01  -1.3747778e+00
   1.1675119e-01   1.7657240e-01
  -8.8648667e-01  -5.2326335e-01
   6.7380927e-01  -1.3397587e+00
   2.0105757e+00   1.0487839e+00
   4.8348333e-02  -6.7770194e-01
   1.5768983e+00   9.5253832e-02
  -2.0338609e-01   5.3287961e-01
   6.7899324e-02  -2.3145017e+00
   9.6101071e-01  -7.9082503e-02
  -3.7977063e-01  -1.0402310e+00
   7.1255640e-03   2.2968212e+00
   2.1029343e+00   1.1648039e+00
   2.2105486e+00   2.3767014e-01
  -1.2638647e+00  -3.1786536e-01
  -1.5694237e+00   4.9715049e-01
   1.4450760e+00   5.9943705e-01
   1.0165741e+00   1.7311206e-01
   1.1306840e+00  -7.5334584e-01
   3.2929135e-01   2.0718291e-01
   1.4362191e-01   5.6104035e-02
  -4.2953789e-01  -2.4776638e+00
   8.9031373e-02   8.6286968e-01
  -1.7188004e+00  -2.5459494e-01
  -6.2710632e-01   1.3527935e+00
   4.6653095e-01  -9.4733510e-01
   1.3070371e+00  -3.8510358e-01
  -4.4145969e-01   7.8921915e-01
  -1.3392501e-01   6.8473476e-01
   6.7588808e-02   3.3879121e-01
  -2.2049572e-01  -1.5803607e-01
   2.8382847e-01  -2.1320878e+00
   1.0228266e+00   4.4419344e-01
   1.0995316e+00  -6.5564832e-01
   1.8899200e-02   1.3684289e+00
  -1.3779731e+00   5.6348317e-01
  -8.7962377e-01   7.6491720e-01
  -3.4141721e-01   8.0636473e-02
   3.3879121e-01  -1.2969141e+00
   5.7148964e-01  -8.2788260e-01
   4.1801490e-01  -2.0781428e+00
  -6.6489460e-01  -2.7191445e-01
   7.5293444e-01  -9.5512786e-01
  -2.5395498e-01   1.4575091e+00
   4.6101129e-01  -3.0810463e-01
   9.7536685e-01   1.9408184e+00
  -9.6890665e-01   6.6657298e-02
  -5.9517585e-02  -3.1395748e-01
  -8.9709167e-01   1.2652431e+00
  -9.1342623e-01  -7.7115844e-01
  -1.5263161e+00  -1.2177090e+00
  -2.5075669e-01   1.5301888e-01
  -1.3291926e+00  -1.1271685e+00
  -1.2556446e+00   1.1772843e-02
  -5.3573832e-01   7.9600536e-01
   2.5716608e-02   1.5106166e+00
   1.2798803e-01  -2.0082430e+00
  -2.8027203e+00   2.2477015e+00
   2.0528413e-01   2.0200179e+00
  -3.7677560e-01   1.7531386e-01
  -3.4404557e-01  -2.5754449e+00
  -8.7416314e-01  -2.2515924e+00
   1.4769233e-01   1.1678620e+00
   9.6297907e-01  -1.3844063e+00
  -8.5346755e-01   4.8875459e-01
   1.2209667e+00  -4.1632505e-01
  -9.4631425e-02  -3.0940434e-01
   1.5620357e+00   1.3844063e+00
  -1.6794398e+00   1.7925549e+00
   3.7744087e-01   2.1161632e-01
   2.0082430e+00   8.5569929e-01
   4.0049765e-01   8.3840288e-01
   7.4105883e-01   1.3276952e+00
  -9.8942131e-01   2.6773767e-01
   9.7586547e-01   7.7074142e-01
  -5.6239418e-01   4.7553092e-01
  -1.4285517e+00  -3.7544555e-01
  -8.4414027e-01   3.0388413e-01
   1.0655773e+00  -2.8479622e-01
  -1.1225027e+00  -3.2667595e-01
   6.8830912e-02  -4.4727289e-01
   1.5965343e+00   7.1161614e-01
   8.0797035e-01  -6.9850774e-01
   7.6367253e-01   4.6273467e-01
  -1.0708688e-01   1.4990817e+00
  -8.3532492e-01  -2.5619532e-01
  -6.0426417e-01   9.7121279e-02
   1.0459452e-01  -1.7625774e-01
   2.5929107e+00   2.3448455e-01
   4.9679997e-01  -3.5293399e-01
   7.7115844e-01  -6.8004247e-01
  -1.3731854e+00   1.9422242e-01
   2.2971061e-01   7.8460969e-02
   9.8790614e-01  -3.6218116e-01
  -1.2060870e+00   1.9990824e-01
  -8.2135372e-01  -1.1242495e+00
   1.3731854e+00   1.9485386e-01
  -3.1982111e-01  -8.9616550e-01
  -1.7659775e-02   1.1277535e+00
  -1.3397587e+00  -1.1126682e+00
   1.2861276e-01  -1.7668920e+00
   3.5062693e-01   2.1256687e-01
  -1.3668503e+00  -1.9828788e-02
  -8.0839981e-01   1.1132438e+00
   3.0453309e-01  -1.0228266e+00
   6.8669433e-01   1.4319981e+00
  -8.3488585e-01   1.6145207e+00
   1.7120543e+00   7.7575450e-01
   4.8700979e-01  -1.0312261e+00
  -2.8705533e-01   4.9785173e-01
  -1.3642620e-01  -2.9675403e-01
   4.3600204e-01  -3.5590296e-01
   4.1666292e-01   1.5364581e-01
  -3.3944749e-01  -1.3143507e+00
  -1.8276241e+00   5.5587418e-01
  -5.7076027e-01  -1.0418288e+00
  -3.8443637e-01  -8.1831887e-01
   1.0584986e+00  -5.0030798e-01
  -4.9589038e-02   1.1012343e+00
   1.6935685e+00   1.1883254e+00
   5.2468491e-01   1.1436954e+00
   1.0743636e+00  -6.8316900e-01
  -9.2002866e-01  -3.0518217e-01
  -7.0604019e-01  -6.7031458e-01
   2.1541969e-01  -4.8108851e-01
   3.5227464e-01  -1.1425617e-01
   3.4207408e-01   1.1478763e+00
  -1.0916274e+00  -2.5669983e+00
  -1.7067130e+00  -2.1411981e+00
   2.6404007e+00   8.3884323e-01
   4.5791264e-01  -4.9154937e-01
  -4.7969773e-01   3.2961843e-01
   3.7478078e-01   3.1135490e-01
   6.3542479e-01   1.9552803e+00
  -1.3204968e-01   5.7003121e-01
   1.9616055e+00  -6.0873249e-01
  -6.7899324e-02   7.0405410e-01
   6.7536511e-01   1.5704861e+00
  -1.3597883e+00  -6.4836794e-01
   1.7122548e-01   4.9399795e-01
   7.9813357e-01   2.0338609e-01
   9.0080408e-01   2.6484880e-01
  -2.8815807e-02  -4.7483725e-01
   7.3495715e-01  -3.2177809e-01
   1.2455290e-01  -1.2209667e+00
   1.6494123e-01   5.7696965e-01
  -1.7698511e+00  -5.0628579e-01
   2.5715586e-01   4.1835809e-02
   5.0311883e-01  -3.0365508e-02
  -1.9359105e-01  -2.3935720e+00
  -1.8588281e-03  -4.2919817e-01
   5.3716932e-01   4.5550563e-01
   6.5756999e-01   9.0406265e-01
  -8.5435974e-01   4.7102617e-01
  -2.0623343e-01  -4.3696337e-02
  -1.1289245e+00  -1.2196621e+00
   2.3161955e-01   2.1696500e+00
  -1.0533548e-02  -5.0487762e-01
   8.1141020e-01   1.1635837e+00
  -1.5740870e-01  -6.2522182e-01
   1.4015719e+00  -9.0586655e-02
  -1.1271685e+00  -3.4503182e-01
  -1.0650309e+00  -1.2812699e+00
  -8.8419441e-01  -3.0258661e-01
   4.2410829e-01   1.3605696e+00
   2.0844918e-01  -4.4248446e-01
  -1.8279484e-02   1.2196621e+00
  -9.4442761e-01  -1.2515662e+00
   1.3232208e+00   5.5913121e-01
   2.1066596e-01  -1.4612650e-01
  -1.7751650e-01   3.2225245e-02
  -5.7039570e-01   6.4226365e-01
  -2.1086230e+00  -1.7468469e-01
   3.4865094e-01  -1.1063617e+00
   1.8633580e-01   1.0595841e+00
   1.6730224e-02   1.0459452e-01
  -5.1086928e-01  -3.5953598e-01
  -3.2569576e-01   9.5415060e-01
  -7.8204840e-01  -1.0493210e+00
   5.1829618e-01   1.2486512e-01
  -6.8356028e-01  -1.1336243e+00
   7.6491720e-01   1.3803789e+00
  -4.0385666e-01  -3.4963877e-01
   1.3121493e+00   1.3908973e+00
   1.0301722e+00   5.1865055e-01
  -1.3535674e+00  -8.8648667e-01
  -1.3359679e+00  -3.8844224e-01
   5.3932118e-02   5.8982442e-01
   6.8591019e-01  -4.2817931e-01
   1.4424407e+00   7.2082502e-01
   9.6187514e-02   6.3732148e-01
  -1.3566713e+00   2.0275357e-01
  -6.0910540e-01  -1.2986237e-01
   8.6331930e-01   7.9558015e-01
   1.5424011e+00  -6.1961298e-03
  -4.0217659e-01   7.6160070e-01
  -8.0325664e-02  -6.2635225e-01
  -4.5860085e-01  -1.6237132e+00
  -2.5939804e-01   4.7417853e-02
   3.5015063e-02   3.4536064e-01
  -9.7432552e-02   1.9347427e+00
   1.3517550e-01  -1.7215209e+00
   1.2111924e-01   1.1508749e+00
   4.2648219e-01  -7.1081823e-01
  -1.3048567e+00  -1.4398153e+00
  -1.3884563e+00   1.3597883e+00
   5.1760456e-02   1.7788228e+00
   1.2798632e+00  -5.8276216e-02
  -1.9854956e+00   5.8503852e-01
   4.2004429e-01   1.4080533e-01
  -4.6307951e-01  -2.1536286e+00
   7.8499617e-01  -1.6631630e+00
  -6.1022463e-01   3.8543726e-01
   3.0323531e-01   3.1005440e-01
   1.6965380e-01  -1.2624888e+00
   8.9570270e-01  -1.2798632e+00
  -6.5833933e-01   7.6907265e-02
   7.4596012e-01  -1.5490232e-03
   3.6781061e-01  -5.9647346e-01
  -5.6203133e-01  -1.3925292e+00
   3.3715114e-01  -8.5124006e-01
   1.2080716e-01  -1.0139806e+00
   4.9050088e-01  -7.3902188e-01
  -7.6325790e-01  -1.6794398e+00
   1.2308184e+00  -5.0804741e-01
  -1.7728258e+00  -7.8837343e-01
   6.8199577e-01   4.8658502e-02
   1.5584057e-01  -1.0108773e+00
  -5.5793745e-02   8.2135372e-01
   2.6934357e-01   2.2875646e-01
  -1.4205701e-01  -4.5653688e-01
   3.3059989e-01  -5.0382216e-01
  -2.0306982e-01   5.4685758e-01
  -6.7380927e-01   8.6421907e-01
   2.5075669e-01   1.8178366e+00
   3.5755375e-01  -6.1770586e-01
   1.3136162e+00   2.9966904e-01
   1.3900827e+00   3.1786536e-01
  -8.8098307e-02  -2.4213403e-01
   8.1831887e-01  -7.3090452e-01
   1.5866349e-01   1.6377648e+00
   8.7552585e-01   1.2275212e+00
   6.3884048e-01   6.2409218e-01
   7.2404245e-01  -4.8282831e-01
  -7.2807481e-01  -2.3671421e-01
   2.0560054e-01   1.2111924e-01
  -3.0583138e-01  -6.2710632e-01
  -9.4008127e-01  -6.3808080e-01
  -9.3431363e-01   1.9854956e+00
   5.0065912e-01   1.1605408e+00
  -6.8904931e-01   2.0971578e-01
   7.0962220e-01  -3.5015063e-02
  -1.8066463e-01   2.2113062e-01
   6.2522182e-01   9.9907064e-01
  -5.3323671e-01   3.5689332e-01
  -7.3902188e-01  -3.4799258e-01
  -7.4677874e-01  -7.7032454e-01
   5.4862908e-02   2.4436779e-01
  -1.5855500e+00  -5.9093078e-01
   1.2441427e+00   1.7185428e-01
   1.5096476e+00   6.1283916e-01
  -5.8896890e-02   1.3966253e+00
   1.6718723e+00   9.9958107e-01
  -6.6566769e-01   4.8143636e-01
   2.4436779e-01   1.3900827e+00
   6.8157519e-03  -9.0219944e-01
   3.1395748e-01  -1.6342216e+00
  -6.8512647e-01  -2.1383458e-01
  -4.2207542e-01  -1.8444475e-01
  -2.5331511e-01   1.7256256e+00
   5.7345248e-02   8.7916772e-01
  -2.8189377e-01  -6.5488033e-01
  -4.1193698e-01   7.7115844e-01
  -1.5991853e-01  -3.4568951e-01
   1.1069332e+00   3.3747908e-01
   2.4216725e+00  -5.7345248e-02
  -8.6376910e-01  -3.2373630e-01
  -1.8162222e+00   1.3763737e+00
  -1.3551177e+00  -1.4530429e+00
  -1.8097954e-01   1.1764833e+00
   1.2105872e+00   9.4684996e-01
   4.6487415e-02   6.5526428e-01
  -7.7994700e-01   2.0306982e-01
   5.3430842e-01  -4.2478631e-01
  -1.2354570e+00  -4.9644950e-01
   4.8875459e-01   9.6187514e-02
   1.0552907e-01  -4.4214282e-01
  -7.9643071e-01   8.1875196e-01
  -1.2830039e-01   1.1377573e+00
   6.8121414e-01  -7.2363986e-01
   1.3099542e+00  -6.7536511e-01
  -4.4658820e-01  -6.7342057e-01
   9.3239798e-01   4.4556157e-01
  -5.2539609e-01  -2.5043701e-01
   6.1246540e-01  -8.6107294e-01
  -6.8865655e-01   1.1336243e+00
   1.8286938e-01   4.9609910e-01
   4.8805649e-01   3.3846312e-01
  -1.6570184e+00   1.1643927e-01
  -9.8588944e-01   4.3293782e-01
  -5.2895597e-01   8.3269295e-01
   5.6493619e-01  -3.0485761e-01
   1.8917362e-01  -8.2005215e-01
   3.3289120e-01   8.8190679e-01
   1.7437013e-01  -1.8286938e-01
  -3.9513261e-01   2.7315718e+00
   5.3311618e-02   2.3145017e+00
  -9.0733085e-01   1.2855054e+00
  -3.4108883e-01   7.8415325e-01
  -5.8063263e-01   8.0582529e-01
  -1.0552493e+00  -1.0301722e+00
  -9.3144144e-01   8.0240089e-01
  -5.7034937e-02  -4.7830787e-01
  -1.2235822e+00   4.2580369e-01
   1.1460820e+00   2.1637102e-01
   9.0452895e-01  -4.9890404e-01
  -8.6062418e-01   5.3609597e-01
  -4.1869117e-01  -1.9658663e+00
  -7.2646045e-01   1.7283784e+00
  -7.5416901e-01   7.7839465e-02
  -1.4566135e+00   4.9224866e-01
  -1.5273099e+00  -2.2324690e+00
   1.9264414e-01  -1.1562987e+00
  -1.4793628e+00   6.4875026e-01
   6.2823809e-01  -9.5855550e-01
   1.0547088e+00  -2.1762176e+00
   6.7614364e-01  -8.6511954e-01
  -8.8511076e-01   1.0280678e+00
   5.6820987e-01   1.5844620e+00
   5.8577394e-01  -1.2892514e-01
  -1.3876445e+00  -9.6248663e-01
  -1.5125587e+00  -1.5233438e+00
  -3.7185109e-02  -3.1915282e-02
  -1.3209935e+00  -1.2686995e+00
   2.9126091e+00   5.5081936e-01
  -3.9915531e-01  -9.3911783e-01
  -5.6893818e-01   8.3708278e-01
  -2.4981878e+00   4.1970594e-01
   2.6709551e-01   1.3034064e+00
  -1.9428596e+00   1.0210281e-01
  -6.9219523e-01   1.0520111e+00
   6.5181223e-01   6.6876401e-01
   1.5490232e-03  -8.3884323e-01
  -3.9178523e-01  -7.1481235e-01
   7.5375736e-01  -7.9898587e-01
   3.6284285e-01  -4.3372767e-03
   8.5124006e-01   1.1831095e-01
   1.4080533e-01   1.1371657e+00
  -1.9990196e+00  -1.1643927e-01
  -3.1884308e-01   3.2602245e-01
  -1.6619290e+00   1.2638647e+00
   2.1828804e+00  -3.5689332e-01
   2.9351807e-01  -1.2125234e+00
   1.9106635e-01   1.2883418e+00
   8.9246847e-01   1.3232208e+00
   9.1719415e-01   4.0991440e-01
   6.1321300e-01  -2.7287899e-01
   7.3292933e-01   1.1587202e+00
  -4.5104243e-01   1.3361242e-01
  -8.6557004e-01  -1.9990196e+00
  -2.8737818e-01  -3.2225245e-02
  -5.6420953e-01   1.8318442e-01
  -2.0808349e+00  -2.0200179e+00
  -1.5181004e-02   1.8475988e-01
   3.3321867e-01  -4.3532075e-01
   5.7112492e-01   1.8409528e+00
  -1.1833190e+00  -2.6805880e-01
   8.5302171e-01   5.7965888e-02
   2.6228277e-01   8.2396106e-01
   6.3201650e-01  -9.6199443e-01
   3.3616754e-01   5.5045885e-01
   6.5603246e-01  -1.6935685e+00
   1.3481668e+00  -5.1900499e-01
  -1.1394434e-01  -1.9015954e+00
   4.3055735e-01   8.7871185e-01
   1.8130074e+00   1.0490603e-01
   4.5413137e-01   1.3143507e+00
   8.1227166e-01  -6.2937067e-01
  -8.8832384e-01   2.6100040e-01
  -8.3708278e-01  -8.4366803e-02
   1.3629186e+00   8.7598045e-01
   4.8282831e-01  -1.7728258e+00
  -3.5325059e-02   2.8834691e-01
  -1.0031615e+00  -1.1383493e+00
  -6.0203453e-01  -5.0136158e-01
   1.7027387e+00   8.3094151e-01
   7.1315441e-02   7.6367253e-01
  -1.5662469e+00   1.0333374e+00
   1.1442915e+00   3.3775112e-02
  -2.5929107e+00  -1.5077140e+00
   4.3838816e-01   3.5458303e-01
  -3.2373630e-01  -7.1161614e-01
   1.2680070e+00   7.0009021e-01
  -3.9412793e-01  -9.2050180e-01
  -4.1525735e-02   3.7943768e-01
  -1.1178613e+00  -9.0779853e-01
  -3.0875442e-01   9.3335538e-01
  -1.2570088e+00   4.6032232e-01
   1.0386358e+00   5.5370610e-01
  -2.0248073e+00  -9.1625095e-01
  -3.0980451e-04  -1.8903796e+00
   8.7370927e-01  -7.9685621e-01
   1.3352121e+00   1.7728258e+00
  -3.8577097e-01  -1.4098931e+00
  -7.2928683e-01   9.4201078e-01
  -6.0649681e-01   2.2398878e-01
   1.3527935e+00   7.9345625e-01
   3.5425315e-01  -1.1990641e+00
  -1.1425617e-01  -5.3573832e-01
   8.0968908e-01  -9.4636505e-01
   1.3048567e+00   7.2162868e-01
   5.0136158e-01   6.4416866e-01
   1.1733942e+00   9.8639324e-01
   5.0829819e-02  -4.2038269e-01
   1.5960475e-01   8.9987481e-01
  -2.1225000e-01  -7.8288992e-01
   5.1687934e-01   1.1207360e-01
  -5.7441017e-01  -1.1914696e+00
  -8.7189556e-01  -5.6104035e-02
   5.9906632e-01  -1.4225611e+00
   4.0016200e-01   3.6317375e-01
  -3.7179135e-01  -1.1587202e+00
  -5.2380905e-02   2.7127156e-01
  -8.4016528e-01   6.7588808e-02
   1.1799897e-01  -7.1936642e-02
   8.4768482e-01   1.8602058e-01
  -8.4679769e-01   6.1097121e-01
   1.7657240e-01   6.3863113e-02
  -5.3538074e-01   5.5793745e-02
  -9.7986325e-01  -5.4793722e-01
   2.7963796e-01   5.0487762e-01
  -9.5317425e-01   1.0343947e+00
  -1.2330413e-01  -1.8528898e+00
   2.7062879e-01  -8.7476306e-02
  -1.2073703e+00   1.5630859e+00
   2.3775777e+00  -6.6036324e-02
   4.5557016e-02  -1.3520204e+00
  -1.5164601e+00   3.0907937e-01
  -3.7145940e-01   3.6449776e-01
   3.8810818e-01  -8.7871185e-01
  -2.7030744e-01  -4.6032232e-01
  -1.6832598e+00  -2.7480884e-01
  -2.5875728e-01   4.8735863e-01
  -6.4188292e-01  -6.6876401e-01
   7.2565398e-01   1.3990943e+00
   8.7144258e-01   1.1359836e+00
   5.7587227e-01  -1.2702326e-02
   9.8236983e-01   1.5673041e+00
   1.5521342e-01   3.6482887e-01
   4.2478631e-01   3.4865094e-01
  -3.8388854e+00  -1.7188004e+00
  -1.3367245e+00   6.8004247e-01
  -8.2178789e-01   1.2515662e+00
  -1.7270004e+00  -1.1359836e+00
   7.8795078e-01   1.2911887e+00
  -1.0459452e-01   5.8283416e-01
  -4.7414382e-01   1.5803607e-01
   8.9477768e-01   3.4010392e-01
   1.1248326e+00  -4.6895028e-01
  -3.7544555e-01  -1.5726163e+00
   6.3315178e-01  -1.7833629e+00
  -1.8130074e+00   3.1851714e-01
  -8.4901678e-01  -2.6773767e-01
  -1.0961357e+00   1.9287376e+00
   9.1342623e-01   8.1572356e-01
  -1.3450983e+00  -3.7511315e-01
   2.3621695e+00   3.3310602e+00
  -1.9209061e-02  -4.9294820e-01
   1.7107144e+00   2.9481208e-01
  -9.7486847e-01   5.0839992e-01
   1.4090566e+00   1.0521755e-01
  -4.7518406e-01   4.1025138e-01
  -1.6085998e-01   5.4793722e-01
   6.7070248e-01  -1.8866934e+00
   7.7451901e-03   2.2177375e+00
  -3.8510358e-01  -6.3694196e-01
  -5.0241574e-01  -9.2810023e-01
  -9.2905380e-01  -2.4245307e-01
  -2.6260342e-01  -4.6170047e-01
  -6.8434316e-01  -8.8144982e-01
  -6.9762560e-02   9.8989064e-02
  -1.0623036e+00  -5.5765100e-03
   8.8190679e-01   8.0454004e-01
   1.0541687e+00  -3.1884308e-01
  -6.0759047e-02  -6.1283916e-01
  -1.8034740e+00  -1.1768701e-01
  -4.4043538e-01   2.1890886e-01
  -3.7910478e-01   5.5173182e-02
   8.0668287e-01  -4.3123723e-01
  -1.1643927e-01  -7.7742986e-01
  -1.7311206e-01  -1.2118775e+00
  -1.5383425e+00  -6.3656253e-01
  -1.7311443e+00   7.2605716e-01
  -6.1583232e-01  -1.8885333e+00
   4.5207160e-01   1.2798632e+00
   9.1831039e-02  -5.4326340e-01
   3.6615368e-01  -4.8658502e-02
   1.5526605e+00   3.5557292e-01
   2.2843845e-01  -5.3109513e-01
  -8.8556921e-01   3.0940434e-01
  -7.1241451e-01  -7.1241451e-01
  -4.0553787e-01   2.1922618e-01
   4.9015150e-01  -5.6348317e-01
  -1.0765732e+00   6.7692259e-01
   4.1261155e-01  -6.4760358e-01
   2.0623343e-01   4.9820243e-01
   1.3443331e+00  -5.1016343e-01
   3.1126891e+00   1.1425617e-01
   6.8630221e-01  -5.1865055e-01
   2.6035937e-01   2.0862648e+00
  -1.4868067e+00   1.3876445e+00
   9.6692701e-01   9.6498759e-02
  -1.3114168e+00  -9.3863644e-01
  -1.5490232e-03  -8.4946110e-01
  -5.1016343e-01  -1.3254547e+00
  -8.6854339e-02   1.2428003e+00
  -1.3861543e-01  -8.2812359e-02
  -5.9721387e-01  -1.6656385e+00
   4.3225744e-01  -1.1752463e+00
   4.5069948e-01  -2.6356557e-01
  -1.1132438e+00   2.8189377e-01
   4.8840551e-01  -4.0789349e-01
   2.7266175e-02   7.4105883e-01
   1.5184196e+00  -4.8143636e-01
  -1.1635837e+00  -1.4424407e+00
   6.0448673e-02  -1.8546168e+00
  -5.9647346e-01   2.6019492e+00
  -2.1231511e+00   9.6199443e-01
   1.2428003e+00   1.4311349e+00
  -1.7437578e+00  -1.7409308e+00
   1.0802168e-01  -7.6782606e-01
   5.0910514e-01   7.6741011e-01
  -2.3424600e+00   1.5393548e+00
   8.4502541e-01   3.3027270e-01
  -5.5765100e-03   9.2476935e-01
  -1.3017480e-01   2.5198213e+00
  -9.9139067e-03  -1.5609873e+00
   9.2239641e-01  -7.9600536e-01
   7.7826836e-01   1.3180340e+00
  -2.9586545e+00   5.4398167e-01
   4.9469809e-01  -5.1263502e-01
   2.6019492e+00   5.5442850e-01
  -1.1862293e-01   5.8614177e-01
  -6.8826389e-01   1.9469665e+00
   1.4638111e+00  -8.3313121e-01
  -6.6412191e-01  -6.4607601e-01
   1.6365814e+00   3.0550676e-01
   3.2634919e-01   1.4756714e+00
  -1.4017958e-01   2.6581151e-01
  -3.2798337e-01   6.4794452e-02
  -2.4167104e-02   1.3611350e-01
   7.3983630e-01   3.5590296e-01
   2.2780251e-01  -4.9574875e-01
  -1.5899207e+00   1.6933951e-01
   7.7032454e-01  -1.1889533e+00
   5.1617131e-01   2.3193779e-01
   1.4149331e+00  -3.7577800e-01
   1.0498584e+00  -1.0882607e+00
  -2.9707779e-01  -1.1225027e+00
   1.7040605e+00   5.1086928e-01
