   2.9570772e-01   9.7449630e+00
   5.1377809e-01   2.2584839e+01
   1.3375672e-01   2.4057362e+01
   4.6128837e+00   2.7808922e+01
   4.9372769e-01   2.1948202e+01
   8.8978825e+00   2.6943720e+01
   4.7509817e-01   2.4312643e+01
   9.4788484e-01   2.0717323e+01
   2.8741314e-01   2.2469117e+01
   6.8803931e+00   2.5208441e+01
   3.3572367e+00   2.8161525e+01
   1.4070025e-01   2.3216978e+01
   1.8693977e+00   2.3720768e+01
   2.8531761e-01   2.7450278e+01
   1.8074132e-01   3.1009938e+01
   8.0549823e-01   1.8565537e+01
   1.7382672e-01   2.6042471e+01
   7.7872981e-01   2.3746620e+01
   3.5161030e+00   2.9799704e+01
   1.0870365e+00   2.2614921e+01
   7.2409250e-01   1.8492178e+01
   8.8288334e-01   2.2986732e+01
   1.3664557e+01   2.4632372e+01
   1.7949347e+00   2.3750455e+01
   9.4636397e-01   2.1537150e+01
   2.7378575e+00   2.4797789e+01
   1.2918975e+01   5.2200985e+01
   1.9292790e-01   2.2609349e+01
   8.4194558e-01   2.2956663e+01
   2.9937195e-01   2.6265422e+01
   3.1579676e+00   2.4068536e+01
   4.7030171e-01   2.7653550e+01
   4.4803229e-01   1.7961591e+01
   7.2590407e+00   2.7368926e+01
   5.6905192e-01   2.0403755e+01
   1.0387277e-01   2.1754208e+01
   3.5682066e-01   2.1124775e+01
   9.8900972e-01   2.7073008e+01
   2.6360627e-01   2.4335614e+01
   7.0265903e-01   2.1124042e+01
   1.5928313e+00   2.4573766e+01
   7.0914022e-01   1.9709898e+01
   6.9868861e-01   2.0445503e+01
   1.3963011e+00   2.2669522e+01
   1.2080478e-01   1.9730521e+01
   4.3007178e-01   2.4028996e+01
   8.5000947e-01   2.4636275e+01
   3.1423558e-01   1.9080122e+01
   9.3068309e-01   1.5608140e+01
   9.1659105e-01   2.1676729e+01
   6.8487022e-01   2.2023227e+01
   1.6349966e-01   2.0282104e+01
   5.0519601e-01   2.3543094e+01
   3.3639421e-01   2.6774232e+01
   3.1825630e+00   2.2498937e+01
   6.1875670e-01   2.0662007e+01
   4.7670939e-01   2.2677835e+01
   1.1685171e-01   2.6358879e+01
   1.1257225e+01   2.3538971e+01
   1.9429081e+00   2.7540790e+01
   2.0691912e+00   2.4595529e+01
   3.9542845e-01   2.2238157e+01
   2.8648477e-01   2.0549038e+01
   5.7708170e-01   2.6793902e+01
   7.0162119e-01   2.5397379e+01
   1.3335490e-01   2.6480437e+01
   1.5640841e+00   2.6036458e+01
   3.4173403e+00   2.3557559e+01
   6.0549027e-01   2.0201103e+01
   3.5315514e+00   2.6102107e+01
   4.8094050e-01   1.9890339e+01
   4.0178862e-01   3.4489041e+01
   2.2469180e+00   2.4727658e+01
   7.3582963e-01   2.3724612e+01
   8.5332216e-01   2.2131111e+01
   4.4525050e-01   2.1914721e+01
   2.7869293e+00   2.4942945e+01
   8.8870284e-01   3.0047391e+01
   5.8253911e-01   1.8594358e+01
   9.0841598e-01   2.3359413e+01
   3.1761491e+00   2.5481107e+01
   7.6242553e-01   2.0205439e+01
   7.3012775e-01   2.4965728e+01
   1.4530204e-01   2.3175762e+01
   2.5195146e-01   2.3503795e+01
   1.3958417e+00   1.3136924e+01
   4.6970637e+00   2.7985146e+01
   7.6472037e-01   1.6791313e+01
   7.9774759e-01   2.3740195e+01
   3.9144438e+00   2.1372599e+01
   6.3995899e-01   2.0365115e+01
   1.2471399e+01   2.8817746e+01
   4.0438470e-01   2.3608906e+01
   5.4479598e-02   2.1493628e+01
   7.8198918e-01   2.8502685e+01
   1.7238969e-01   2.6524623e+01
   4.8226604e-01   2.4292108e+01
   6.8296577e-01   2.7220494e+01
   3.4046687e+00   2.7735540e+01
   4.0530658e-01   2.1575932e+01
   3.1937280e+00   2.5807976e+01
   5.0117008e-01   2.2216178e+01
   7.2470846e-01   1.8458244e+01
   3.8607402e-01   2.2874800e+01
   8.9777433e+00   2.4923938e+01
   1.3485506e-01   1.9861300e+01
   1.3176586e+01   2.6449646e+01
   3.4194769e-01   3.2108041e+01
   7.1845050e-01   1.7335773e+01
   7.7625711e-02   2.2928259e+01
   1.7082895e-01   3.0951489e+01
   9.8323878e-01   3.6516883e+01
   9.2668009e-01   2.4241695e+01
   1.4674028e+00   2.3774424e+01
   3.9497898e-01   2.3082737e+01
   3.9286759e+00   2.6289039e+01
   6.7679398e-01   3.2159176e+01
   1.3850429e+00   2.1300511e+01
   5.6203562e-01   1.6197576e+01
   3.9136895e+00   2.3221435e+01
   5.7963082e-01   2.2483121e+01
   6.9234362e-01   2.3576494e+01
   8.5470587e-01   8.2394102e+00
   8.9869405e-01   2.3771779e+01
   9.1381401e-01   3.1680596e+01
   8.7914073e-01   3.4935025e+01
   9.3965996e-01   2.1439723e+01
   2.0487198e-01   2.3505592e+01
   3.0343940e-02   2.4263928e+01
   6.8255043e-01   2.1019140e+01
   6.7423903e+00   2.3707581e+01
   8.2370155e-01   2.3687939e+01
   5.7834091e-01   2.0838860e+01
   6.1544796e+00   2.2568833e+01
   3.9832719e-01   2.2400627e+01
   1.2030824e+00   2.4701632e+01
   2.5700918e-01   2.2136088e+01
   1.0864252e-01   4.6166465e+00
   6.7927526e-01   2.6227542e+01
   3.3351810e-01   4.9060804e+01
   9.2465177e-01   2.3655439e+01
   1.7749410e+01   2.4949734e+01
   7.4477514e-01   2.7384580e+01
   1.8700093e+00   2.5018022e+01
   5.3109314e-01   2.7286512e+01
   3.7071270e-01   2.5368915e+01
   3.8629798e-01   2.2635749e+01
   9.5119762e-01   2.3905696e+01
   9.7335629e-01   2.5036175e+01
   5.9341451e-02   2.3362868e+01
   3.7698476e+00   2.7322783e+01
   6.1253745e-01   2.5463389e+01
   9.7261652e-01   2.1882015e+01
   8.8430091e-01   2.5189382e+01
   1.4076881e-01   2.0684282e+01
   6.6862541e-01   2.5533959e+01
   7.6146138e-01   2.1113129e+01
   9.0015174e-01   2.9689767e+01
   3.1147937e-01   2.7846759e+01
   4.6323857e-01   2.8627564e+01
   8.8071806e-01   2.4573774e+01
   3.2320506e-01   2.1944921e+01
   8.9953000e-01   2.2237642e+01
   3.1210102e-01   1.9869240e+01
   2.3552345e+00   1.8857432e+01
   6.7741580e-01   2.8308601e+01
   8.4748102e-01   2.2122891e+01
   8.6454319e-01   3.1359589e+01
   4.8251871e-01   2.4458164e+01
   7.7506519e-01   2.3447869e+01
   1.7061642e-01   2.1856536e+01
   6.4838981e-01   2.2433238e+01
   3.1215092e-01   1.9074942e+01
   9.1462653e-01   4.4701422e-01
   3.9592805e+00   2.2886778e+01
   1.6499509e+00   2.1456587e+01
   1.6183290e+00   2.3798806e+01
   1.3289942e+00   2.3387776e+01
   2.4400475e-01   2.3515098e+01
   1.8024882e-01   2.3108260e+01
   3.5559517e-01   2.5189253e+01
   2.1347687e+00   2.4073537e+01
   1.4571478e+00   2.6467315e+01
   5.2581275e-02   2.0507818e+01
   1.6090385e-01   2.1995164e+01
   5.1535669e-01   1.6067249e+01
   9.7292626e+00   2.2017243e+01
   8.6217670e-01   1.3505245e+01
   9.7090109e-01   2.9549966e+01
   2.5130598e-02   2.4648286e+01
   6.4893442e-01   2.0188047e+01
   1.4216756e-01   2.7060783e+01
   1.1021629e-01   2.4332278e+01
   3.9936080e+00   2.2095152e+01
   2.2250731e-01   2.1430768e+01
   5.0588577e-01   2.9444710e+01
   9.1339221e-01   2.5886029e+01
   7.0485181e-01   2.1140019e+01
   1.6034978e-01   1.0129355e-01
   4.7237485e+00   2.5945027e+01
   2.1019221e+00   2.1146542e+01
   8.7574671e-01   2.4285078e+01
   1.5781120e-01   1.1045406e+01
   9.0812369e-02   2.4775703e+01
   2.7031665e-01   1.5918206e+01
   6.6891656e-01   1.9847899e+01
   5.3793749e-01   2.5506272e+01
   8.2586048e-01   3.4564307e+01
   1.8885913e+00   2.8187367e+01
   6.8217218e-01   2.1131696e+01
   3.9976127e+00   2.4833557e+01
   1.3973186e-01   2.4982985e+01
   6.8025197e-01   2.0907363e+01
   3.7710952e+00   1.9672372e+01
   4.1788009e-01   2.2707092e+01
   4.3283756e-01   2.0602244e+01
   6.1457498e-01   3.0415103e+01
   1.1917495e-01   2.3116418e+01
   2.4158480e+00   2.6737591e+01
   9.5827384e-01   2.0826489e+01
   3.8066891e+00   2.0598279e+01
   5.3652349e-01   1.6426859e-01
   3.5879150e-01   2.3541180e+01
   7.0246669e-01   2.4497771e+01
   6.0966332e+00   2.5699371e+01
   7.0273556e-01   2.4927804e+01
   3.8791399e-01   2.2895279e+01
   2.5700243e-02   2.4240052e+01
   3.6578350e-01   3.0094715e+01
   1.9783276e-01   2.4689561e+01
   9.6839898e-01   2.2994158e+01
   8.0386411e-01   2.4179777e+01
   7.7425680e-01   2.1323271e+01
   1.7590931e-01   2.4507645e+01
   8.3971592e-01   2.5441173e+01
   1.6692105e-01   2.7586728e+01
   4.4895871e-01   2.2312543e+01
   4.2633268e+00   2.3235043e+01
   7.9711753e-01   1.4818698e+01
   7.7688977e-01   2.3451912e+01
   7.4887504e-01   2.3396046e+01
   1.3339844e-01   2.8752531e+01
   6.4937242e-01   3.6485118e+01
   1.8748228e-01   2.6855281e+01
   2.2928254e-01   2.7843003e+01
   3.5667105e-01   2.3022830e+01
   1.8882323e-01   2.7192809e+01
   5.0515624e-01   2.0057338e+01
   3.3380448e+00   2.5195474e+01
   8.2186428e-01   2.1943863e+01
   7.7104448e-01   1.9192026e+01
   5.0592936e-01   2.2242624e+01
   8.4025098e-01   2.5478338e+01
   7.9985647e-01   2.5521516e+01
   8.8710834e-01   2.7693724e+01
   7.1680626e-01   3.2483017e+01
   3.7828189e+00   2.2394758e+01
   6.8016210e-01   2.3758966e+01
   8.3861623e-01   2.5051515e+01
   8.9074570e-01   3.3150329e+01
   6.0016154e-01   2.8615080e+01
   3.2484729e-01   2.3891008e+01
   3.6686806e+00   2.5053338e+01
   5.2876986e-01   2.3446938e+01
   2.3397000e+00   2.9835273e+01
   3.9917092e-01   3.1188310e+01
   6.4382500e-01   1.9854031e+01
   1.2065608e+01   2.9060341e+01
   2.4755613e-01   2.4715071e+01
   3.8803939e+00   2.4626894e+01
   2.6345875e-01   2.5243897e+01
   1.9214398e-01   1.6955104e+01
   8.9705980e-01   2.1255591e+01
   7.5559426e-01   6.1336183e+00
   7.5445808e-01   2.5658939e+01
   6.3956895e+00   3.0313976e+01
   3.4193967e-01   2.1993601e+01
   5.7176925e-01   2.0338220e+01
   9.7468767e+00   2.6267479e+01
   2.0736035e+00   1.9917905e+01
   5.4997390e-01   2.1348292e+01
   4.7009021e+00   2.9883960e+01
   2.5868753e+00   2.6788194e+01
   5.8149212e-01   2.4213295e+01
   2.7816801e-01   2.8344668e+01
   8.7291732e-01   2.5160974e+01
   7.6523839e-01   1.8063473e+01
   7.5190097e-01   2.1127266e+01
   8.9094129e-01   2.2653117e+01
   7.4672383e-01   2.2490426e+01
   5.8472047e-01   1.8035674e+01
   3.1169489e+00   2.2836729e+01
   8.1573464e-01   3.1840805e+01
   6.8556033e-01   2.1996311e+01
   7.8905325e-01   2.4421890e+01
   4.5695104e-01   2.1058119e+01
   2.6841410e+00   2.3677022e+01
   6.5471653e-01   2.3649738e+01
   4.3453909e-01   2.5004767e+01
   6.7743409e-01   1.9506256e+01
   1.2572564e+00   3.0194013e+01
   1.9108343e-01   2.5602390e+01
   7.3528729e-01   1.8016365e+01
   2.2971957e+00   2.6785530e+01
   1.0434141e-01   2.1696480e+01
   5.9024369e-01   2.0025119e+01
   3.0976431e+00   2.2705508e+01
   6.2020005e-01   3.1057522e+01
   2.0390833e-02   2.9033068e+01
   1.1243163e-01   2.6341463e+01
   9.8385694e-02   2.2468626e+01
   8.0254237e-01   1.8790706e+01
   1.9272937e+00   2.5849637e+01
   8.4822511e-01   3.1925034e+01
   1.5284461e+01   2.5752431e+01
   2.3911972e-01   1.9540652e+01
   3.3573175e-01   2.1367811e+01
   2.7428445e+00   2.8253366e+01
   3.2391822e-01   2.2481768e+01
   7.9656462e-01   2.1641885e+01
   5.4581268e+00   2.9237991e+01
   2.7203844e+00   2.5357210e+01
   2.9665566e-01   2.1989248e+01
   5.0147071e+00   2.8665697e+01
   3.7682132e-01   2.2588761e+01
   2.1531757e-01   2.5203154e+01
   7.1089314e-02   2.8190070e+01
   8.1324150e-01   2.3763754e+01
   2.1873726e-01   2.0629939e+01
   3.2859327e+00   2.7923455e+01
   4.2605973e+00   2.5762447e+01
   3.3456716e-01   2.3106675e+01
   1.2212917e+00   2.3603734e+01
   2.6919623e-01   2.1145129e+01
   9.8277515e-01   2.2765687e+01
   5.0975165e-01   2.3245077e+01
   9.5513741e-01   2.8618240e+01
   4.6663330e+00   2.4731882e+01
   3.2500852e+00   2.6033216e+01
   8.0866764e-02   1.9293444e+01
   2.7822642e+00   2.3148918e+01
   1.0721458e-01   2.4951883e+01
   1.4603714e+00   2.0408608e+01
   1.1380515e-01   1.9525610e+01
   1.3684276e-01   2.8581160e+01
   4.4067025e-01   2.3110988e+01
   2.8324488e-01   2.9823994e+01
   6.0365886e-01   2.3665634e+01
   5.0942475e-03   1.9160543e+01
   9.4030306e-01   2.3878165e+01
   2.0937451e-01   1.0821599e+01
   8.7927140e-01   2.8522830e+01
   2.6654783e-01   2.6406577e+01
   1.0579043e-01   3.3467365e+01
   4.9984983e+00   2.6177276e+01
   5.3510262e-01   2.7473155e+01
   8.9315759e-01   2.2274517e+01
   1.5974117e-01   2.3960644e+01
   6.0956720e-01   2.0299003e+01
   4.0605693e-01   2.1612662e+01
   5.1397913e-02   2.1998730e+01
   9.0108174e-01   2.2368159e+01
   8.3969733e-01   2.3223179e+01
   4.0674056e+00   2.7094929e+01
   5.1387766e-01   1.7081460e+01
   1.8550180e-01   2.2695630e+01
   2.5082352e+00   2.5031731e+01
   1.7415765e-01   2.8270520e+01
   4.0504246e-01   2.2205425e+01
   6.1920860e-01   2.2249832e+01
   5.0888392e+00   2.0475101e+01
   1.0178529e+00   2.5251027e+01
   8.0488433e-01   1.6385209e+01
   5.5318218e-01   2.2048693e+01
   7.9563653e-01   2.7054286e+01
   2.9011062e+00   2.8334470e+01
   2.8330650e-01   3.3779094e+01
   7.3164329e-01   2.1159481e+01
   2.7467930e-01   2.3650150e+01
   8.6311306e-01   2.2308102e+01
   9.8889966e+00   2.5253326e+01
   7.1298492e-01   1.8334371e+01
   2.8187872e+00   2.3051923e+01
   5.1153813e-01   2.9776965e+01
   1.5565048e-01   2.1287828e+01
   7.6687414e-01   1.8898421e+01
   5.8727585e-01   2.3892107e+01
   5.5933076e-01   2.5107132e+01
   6.8566483e-01   4.0287313e+01
   7.7653616e-01   3.2682471e+01
   6.3336352e-01   2.0066217e+01
   5.4509763e-01   2.4720070e+01
   1.0762969e-01   2.2977919e+01
   6.4594653e-01   2.4140177e+01
   3.3060943e-01   1.9457464e+01
   4.6979100e-01   2.3212574e+01
   7.7742242e-01   2.2532734e+01
   7.9360414e-01   2.3556239e+01
   2.9395255e+00   2.6157171e+01
   3.9810175e-02   2.5313395e+01
   6.8516984e-02   1.8771501e+01
   5.8094897e+00   2.3844863e+01
   2.0059259e-02   2.0732240e+01
   8.7895957e-02   2.8073747e+01
   8.7013841e-01   2.4552205e+01
   7.4883524e-01   2.9460685e+01
   1.9353591e-01   2.4376649e+01
   5.1969081e+00   2.2345095e+01
   3.3350474e-01   1.9688896e+01
   3.1619572e+00   2.0250729e+01
   7.4654276e+00   2.4238387e+01
   4.8644341e+00   2.9396443e+01
   9.6642606e-01   2.2832282e+01
   1.3564522e-01   2.6538264e+01
   1.9138187e+00   2.6867079e+01
   3.3384639e-01   1.9804004e+01
   2.1307367e-01   2.4747858e+01
   1.1468137e+00   2.4235155e+01
   1.1311362e-01   3.2479613e+01
   2.3754094e-01   2.6500565e+01
   2.0149596e-01   1.9412408e+01
   2.0435189e-01   2.0292010e+01
   5.5740681e+00   2.2238326e+01
   8.1292159e-02   2.8562431e+01
   1.3748292e+00   2.5470864e+01
   8.0983761e-01   3.0752065e+01
   2.2133645e+00   2.2613927e+01
   3.7920535e-01   2.1400391e+01
   7.0104045e-01   2.6179038e+01
   6.2279744e-01   2.0092068e+01
   3.9971314e-01   2.0264550e+01
   3.8566002e-01   1.9001198e+01
   1.3227270e+00   2.4403354e+01
   2.2268069e+00   1.8470901e+01
   1.0621441e-01   3.0393503e+01
   6.8018286e-01   3.3845040e+01
   9.3565858e-01   2.0552522e+01
   3.4580918e+00   2.6327511e+01
   3.9884381e-01   2.6104536e+01
   8.3014491e-01   1.1795336e+00
   6.8293997e-01   2.0149637e+01
   2.2286423e+00   2.0984679e+01
   2.1602126e-02   2.2809871e+01
   7.1149868e-01   1.8520092e+01
   3.8481853e-01   2.6125612e+01
   6.4361916e-01   2.0207385e+01
   1.7002142e-01   1.6709939e+01
   2.9882914e+00   2.4360328e+01
   6.4493493e-01   1.9589783e+01
   6.6792290e-01   2.0823652e+01
   2.3626627e-01   2.5327609e+01
   4.3573271e-01   2.0069445e+01
   4.5178128e-01   2.1243566e+01
   8.7572768e-02   2.3446014e+01
   3.7874440e-01   3.4279051e+01
   1.3959372e-01   2.1684413e+01
   8.7665939e-01   2.4873288e+01
   3.8307159e+00   1.9655718e+01
   1.4931828e-01   2.3902946e+01
   6.7257287e+00   2.0109813e+01
   3.9079590e+00   2.8050993e+01
   5.7727685e-01   4.3610974e+01
   3.5026471e-01   2.2058116e+01
   6.1856989e-01   5.4354539e+00
   9.3681370e-01   3.8109733e+01
   1.6530651e-01   2.6650689e+01
   9.9140582e-01   1.8760186e+01
   2.7768061e-01   2.2554861e+01
   9.1726476e-01   5.7600762e+00
   2.7540357e-01   2.0649433e+01
   1.2047235e+01   2.4160403e+01
   4.7189919e+00   2.4706475e+01
   2.0831748e+00   2.6601580e+01
   1.0821214e+00   2.5028110e+01
   7.5099177e-01   2.3907083e+01
   2.9085907e-01   2.0319086e+01
   1.6853404e-01   2.1714167e+01
   3.1952430e+00   2.6211554e+01
   6.3745251e-01   1.9956386e+01
   1.6112444e+00   2.1476420e+01
   7.8967560e-01   1.3238432e+01
   7.9661061e-01   3.4230379e+01
   1.9206054e+00   2.6190447e+01
   1.2318214e+00   2.6173984e+01
   1.0832729e-01   2.7620044e+01
   2.8419899e+00   2.7595692e+01
   1.6840494e-01   2.9826791e+01
   8.1860723e-01   2.6313649e+01
   1.1480869e+00   2.1531781e+01
   3.6590635e+00   2.2406469e+01
   4.0567256e-01   2.2161793e+01
   6.5769773e-01   2.6924223e+01
   3.2863997e-01   2.6515493e+01
   2.9468714e+00   2.3459841e+01
   1.2824133e-01   2.2619166e+01
   2.8001483e+00   2.1382936e+01
   5.1944986e-01   1.8532031e+01
   3.2685276e+00   2.2235058e+01
   3.2592450e-01   3.2027936e+01
   3.1584335e-01   1.9756771e+01
   9.5562999e-02   2.5061160e+01
   6.3217958e-01   2.8940339e+01
   1.2095665e+00   2.1854353e+01
   8.1352971e-01   2.2642198e+01
   8.8783444e-01   2.5953814e+01
   2.9155406e-01   2.2144901e+01
   1.1661822e-01   2.5057474e+01
   6.7654400e-01   1.5645753e+01
   5.5705700e-02   2.3190536e+01
   6.7554449e-01   2.5507533e+01
   8.3228970e+00   2.5718179e+01
   3.1559270e-01   2.7062238e+01
   7.6745842e-01   2.2210945e+01
   6.5264014e-01   2.8700901e+01
   5.5889737e-01   2.0436893e+01
   1.0341939e-01   3.3651130e+01
   9.6417727e-01   2.5087609e+01
   9.1903740e-01   2.2595353e+01
   3.5521881e-01   3.3963034e+01
   9.1841226e-01   1.8380835e+01
   4.4259394e-01   2.2437890e+01
   4.6897971e-01   2.2129280e+01
   9.4128474e-01   1.9463690e+01
   7.0985698e-01   2.3254453e+01
   1.4847024e-01   2.9400076e+01
   8.0446446e-02   2.2842633e+01
   5.3205384e-01   2.2240612e+01
   9.6122978e-01   2.4827229e+01
   1.5232819e-01   2.3062740e+01
   3.8388367e+00   2.3673412e+01
   9.4571929e+00   2.5864099e+01
   4.9019890e-01   2.3836964e+01
   8.4874432e-02   1.9702856e+01
   3.3464099e+00   2.0925331e+01
   7.8784751e-01   2.0344295e+01
   6.3072068e-01   2.6591773e+01
   2.0309079e-01   2.4424976e+01
   6.1883505e-01   2.2645096e+01
   3.9076391e+00   2.3566183e+01
   9.1589707e-01   1.9414414e+01
   1.5924929e+00   2.6375323e+01
   2.7322005e-01   2.1014746e+01
   4.6666559e+00   2.6850217e+01
   6.9720378e-02   2.1481929e+01
   3.8751890e+00   2.3199211e+01
   5.7846947e-01   2.3007491e+01
   3.5126463e-01   3.1653119e+01
   6.1671685e-01   3.5690450e+01
   2.3756244e-01   2.1732032e+01
   8.3488766e-01   2.8573146e+01
   5.7312486e-02   2.6530159e+01
   6.1496437e-02   2.2805878e+01
   8.9711241e-02   2.3270708e+01
   9.0664136e-01   2.0254134e+01
   5.5449974e-01   2.4186600e+01
   6.8765877e-01   6.1289997e+00
   2.3174026e-01   2.3006150e+01
   4.6237337e+00   2.6856418e+01
   4.2335232e+00   1.8887661e+01
   3.9696417e-01   2.9033719e+01
   9.7599395e-01   2.2528289e+01
   1.0831528e+00   2.7333688e+01
   7.2503709e-01   2.1583049e+01
   2.0978846e-01   2.9945095e+01
   1.4166234e+01   2.7692340e+01
   6.1919178e-01   2.1991922e+01
   6.6492172e-01   2.7247209e+01
   4.7957083e+00   2.5054066e+01
   6.9079695e+00   2.1982296e+01
   4.0318212e+00   2.8201499e+01
   9.8076470e-01   2.5050355e+01
   1.2060388e+00   1.9283233e+01
   1.9564853e-01   2.1629673e+01
   5.7654065e-02   1.7285748e+01
   8.6181906e-01   2.4061647e+01
   6.8156739e+00   2.7831906e+01
   4.9386463e-01   2.6793823e+01
   8.8009702e-01   1.6645232e+01
   2.9164543e-01   2.2677332e+01
   1.8738203e-01   1.4474766e+01
   6.2330652e-01   1.7181382e+01
   1.7621924e-01   2.4974280e+01
   1.4569616e-01   1.9384593e+01
   7.7246627e-01   2.5991394e+01
   2.9879179e+00   2.6879918e+01
   7.2169406e-01   2.3400373e+01
   1.7695204e-02   2.8537199e+01
   1.0402619e-01   1.9794043e+01
   8.8361647e-01   2.5583042e+01
   3.3007357e-02   2.7225392e+01
   3.6380750e-01   2.4846834e+01
   8.2495784e-01   3.2786750e+01
   6.4989693e+00   2.4496515e+01
   5.7005252e-01   2.1398665e+01
   5.4800080e-02   2.4200618e+01
   1.3101816e+00   2.3635301e+01
   1.9808297e+00   2.1871204e+01
   6.0782526e-01   2.4156031e+01
   9.7987461e-01   2.0052715e+01
   4.0664177e-01   1.7514277e+01
   8.5567780e-01   2.0021594e+01
   6.9235078e-01   1.9595647e+01
   6.7109441e-01   1.8300048e+01
   3.4924867e-01   1.4006329e+01
   9.7411642e-01   1.2469101e+01
   2.0379642e+00   2.3468353e+01
   2.7900182e-01   2.4379542e+01
   5.1844621e-01   1.9494858e+01
   9.9535912e-01   2.9780955e+01
   9.4856669e-01   1.9154294e+01
   8.1979611e-01   2.4363032e+01
   1.0826614e+01   2.5001436e+01
   9.2595187e-01   3.0716862e+01
   2.5303755e-01   2.0011381e+01
   1.5192906e+00   2.2939420e+01
   9.2430432e-01   2.6284633e+01
   1.7992929e+01   3.0643254e+01
   5.3707029e-01   2.4507044e+01
   1.1485683e+01   2.0404720e+01
   5.8896609e-01   2.3548576e+01
   3.9220899e-01   2.4317284e+01
   6.0552220e-01   2.2098038e+01
   4.2627900e+00   2.2874551e+01
   3.2401427e-01   2.4596370e+01
   2.6855854e-01   2.1176219e+01
   2.2677906e+00   1.8526954e+01
   3.1558005e-01   2.3530143e+01
   6.9506057e-01   3.2781680e+01
   8.2525430e-01   2.4565167e+01
   1.5634954e+00   2.1467875e+01
   1.2884370e+01   2.7243189e+01
   8.8708639e-01   2.1554545e+01
   4.9399447e-01   1.8692547e+01
   6.4701658e-01   2.1263790e+01
   1.8387951e+00   3.0263907e+01
   6.7670906e-01   2.5651302e+01
   3.7186193e+00   2.1832615e+01
   1.5291515e-01   2.4781940e+01
   1.0278082e-02   2.6409385e+01
   9.9463879e-02   1.8271274e+01
   4.4893315e+00   2.2841943e+01
   6.5662111e-01   2.1488773e+01
   2.5914989e+00   2.1104360e+01
   1.3834310e+01   2.7506100e+01
   2.2167262e-01   2.4520838e+01
   1.6279846e-01   2.1809498e+01
   5.4782063e-01   2.8937561e+01
   1.0998048e+01   2.5158125e+01
   3.9633675e-01   3.0559531e+01
   9.6516344e-01   2.5085249e+01
   4.3106959e+00   2.7847469e+01
   9.8438655e-02   2.1370494e+01
   2.6558494e+00   2.5706475e+01
   4.7009039e+00   2.4902147e+01
   1.6624234e-01   2.0766948e+01
   3.5809915e+00   2.6443813e+01
   3.0194782e+00   2.2382061e+01
   6.5984302e-01   2.2878311e+01
   4.4859185e+00   2.7235525e+01
   5.7113607e-01   3.1902485e+01
   8.9937263e-01   3.9249527e+01
   1.4140362e+00   1.9579580e+01
   3.0570977e-01   2.6753743e+01
   1.1619807e+00   2.2391051e+01
   7.3368301e-01   2.2233413e+01
   3.1925455e+00   2.4616377e+01
   3.3599209e-01   2.4565125e+01
   2.7829897e-01   2.8733428e+01
   5.7868707e-02   2.0569770e+01
   9.8889286e-01   2.2969683e+01
   6.1934485e-01   2.6005630e+01
   4.7420570e-01   2.5961458e+01
   1.2589962e-01   2.7546435e+01
   2.7905592e-01   2.7909610e+01
   3.1938512e-01   2.7084008e+01
   8.9631833e-02   1.8090783e+01
   3.5706561e-01   2.3848945e+01
   7.4726459e-02   1.8993682e+01
   2.8655327e-01   2.6635288e+01
   7.6920244e-02   2.2828908e+01
   7.3999442e-01   2.1165048e+01
   5.6160746e-01   3.9057530e+01
   1.3599128e+01   2.6913386e+01
   1.2245955e+01   2.5964106e+01
   1.2694880e+00   2.7649120e+01
   4.1770801e+00   2.6322320e+01
   4.8104148e-01   2.2569886e+01
   2.2697222e+00   2.5842727e+01
   1.7566481e-01   2.7478900e+01
   6.3944437e-01   2.3602860e+01
   3.0114469e-02   2.6348474e+01
   1.5205970e-01   2.6679340e+01
   7.8518538e-02   2.5708076e+01
   8.9816925e-01   2.0275616e+01
   2.3664963e-01   2.4106671e+01
   4.1088644e-02   2.8714402e+01
   9.6120318e-01   2.5397965e+01
   7.0290054e+00   2.2083020e+01
   8.9670197e-01   2.3946068e+01
   3.9926489e-01   2.2545898e+01
   4.2695770e+00   2.1964736e+01
   3.2454085e-01   2.5926327e+01
   3.4822331e+00   2.5058795e+01
   2.4731490e-01   2.3428800e+01
   3.6473641e+00   2.0114278e+01
   9.8076415e-01   2.2019929e+01
   7.5794056e-01   1.9658814e+01
   9.8160816e-01   2.5339255e+01
   3.9258645e-01   2.3092637e+01
   2.0009537e-01   2.6086785e+01
   1.8640928e+00   2.7372359e+01
   9.7522102e-01   2.2654083e+01
   3.9213446e+00   2.3212205e+01
   5.6853545e-01   2.7689473e+01
   8.4618612e-01   2.2614679e+01
   3.4304382e+00   2.9317409e+01
   7.1888496e-01   2.2348471e+01
   1.4731262e+00   2.4822813e+01
   1.1817333e+00   2.1895450e+01
   1.5868640e+00   2.8060063e+01
   1.6612302e-01   3.2375147e+01
   5.2915257e-02   2.1629712e+01
   8.9211918e-01   2.4809924e+01
   6.5635025e-01   2.7160014e+01
   3.7010425e+00   2.6106176e+01
   5.2945008e-01   2.4654594e+01
   9.3399473e+00   2.4896210e+01
   1.5693122e-01   2.1796493e+01
   9.3977328e-01   2.6975593e+01
   9.7909353e-01   2.6878821e+01
   1.3674715e+00   2.5283145e+01
   9.1686650e-01   2.1936057e+01
   3.0906295e+00   2.8845585e+01
   7.8952190e-01   2.3894610e+01
   2.9631014e-01   2.0470251e+01
   1.8537750e+00   1.8575767e+01
   5.1129862e+00   2.2605576e+01
   3.9247591e+00   2.7138081e+01
   1.5906882e+01   2.4285087e+01
   1.3911309e+00   2.6327416e+01
   9.5943245e-01   2.5267911e+01
   7.2383761e-02   2.9734800e+01
   7.5258561e-01   2.2227038e+01
   8.1181469e-02   2.0949583e+01
   6.7073398e-03   2.1530317e+01
   9.5473841e-01   7.5803332e+00
   7.0469316e-01   2.3461132e+01
   8.7832298e-01   2.4036557e+01
   7.2287096e-01   3.0863718e+01
   3.0624217e-01   2.4417185e+01
   2.8863778e+00   2.7117341e+01
   1.7125046e+00   1.9826241e+01
   1.4656973e-01   2.2543336e+01
   4.0498010e-01   2.3470256e+01
   7.6043149e-01   1.9162521e+01
   2.4271595e+00   2.3840302e+01
   8.5288073e-01   1.6653620e+00
   7.8941105e-01   2.3078859e+01
   1.5805090e+00   2.1719922e+01
   2.7401432e-01   1.6221881e+01
   1.4842275e+00   2.6880995e+01
   3.2926572e+00   2.4378244e+01
   7.4429096e-01   2.4258782e+01
   6.6108134e-01   2.2737635e+01
   3.6850948e+00   2.7615307e+01
   4.9578069e-01   2.2413278e+01
   5.0862126e-01   2.2529486e+01
   1.5777069e+00   2.0809416e+01
   5.5132169e-01   2.4182051e+01
   1.9916362e+00   2.1061423e+01
   3.0608376e-01   2.4626954e+01
   4.1947059e+00   2.7385429e+01
   1.4610491e+00   2.2154257e+01
   4.0956329e-01   2.2892708e+01
   3.0088378e+00   2.4824926e+01
   3.9821442e+00   2.1831600e+01
   7.6765960e-01   2.2223046e+01
   1.7179767e+00   2.1652538e+01
   3.3144776e+00   2.9961124e+01
   5.5981840e+00   2.5399288e+01
   1.9096646e+00   2.7891023e+01
   3.4868847e-01   2.2273567e+01
   9.9492066e-02   1.8142626e+01
   1.1995776e+00   2.5699510e+01
   8.2879030e-01   2.3026678e+01
   3.1866360e+00   1.8378931e+01
   7.7767210e-01   2.4132663e+01
   5.6433122e+00   2.4971676e+01
   8.9847775e-01   2.2494288e+01
   1.3317774e+00   2.9532285e+01
   9.5607261e-01   2.0218404e+01
   1.2317423e-01   1.7669169e+01
   6.5729860e-01   2.7994843e+01
   6.0312949e-01   2.9135299e+01
   4.8824905e+00   2.0570998e+01
   7.8125689e-02   2.5188430e+01
   6.8114323e-01   2.3571557e+01
   4.2613859e-01   2.4376483e+00
   1.7527832e+01   2.6843084e+01
   4.8610942e+00   2.3262292e+01
   8.2109314e-01   2.7298281e+01
   6.1680612e-01   2.5399153e+01
   5.0877273e-01   2.0581586e+01
   1.1506885e-01   1.7365890e+01
   4.6154831e-01   2.4153430e+01
   6.3725743e+00   2.4543570e+01
   6.9123141e-01   2.0519546e+01
   4.7828589e+00   2.4177447e+01
   2.9448270e-01   3.2112105e+01
